[
    {
        "known_questions": [
            "Q1",
            "Q4",
            "Q2",
            "Q3",
            "Q6",
            "Q8",
            "Q7"
        ],
        "llm_answers": [
            [
                0.0001262178744373,
                0.0270211879430955,
                0.8489201642861443,
                0.1239324298963228
            ],
            [
                0.0022899397241029,
                0.0540811553846325,
                0.9431414787495184,
                0.0004874261417461
            ],
            [
                0.0045536442743769,
                0.0545608586867868,
                0.9007382427467248,
                0.0401472542921115
            ],
            [
                0.1201955560853342,
                0.5882745851320526,
                0.2911359238581198,
                0.0003939349244933
            ],
            [
                0.0022775609765229,
                0.2466973109116613,
                0.751003958888379,
                2.11692234367167e-05
            ],
            [
                0.2874325098592887,
                0.2366940749628927,
                0.4758734151778185,
                0.0
            ],
            [
                0.0508422231079645,
                0.2214656886345712,
                0.5818784475442795,
                0.1458136407131847
            ]
        ],
        "final_answer": 2,
        "judge": "22",
        "text_id": "65ca0d19f174b28977037bde"
    },
    {
        "known_questions": [
            "Q3",
            "Q8",
            "Q0"
        ],
        "llm_answers": [
            [
                0.0117923816048585,
                0.3903923489061141,
                0.5970362884735172,
                0.0007789810155101
            ],
            [
                0.4045852850414864,
                0.2199394002328914,
                0.3754749488714151,
                0.0
            ],
            [
                0.0092730756990508,
                0.260947989930343,
                0.5362411362103667,
                0.1935377981602393
            ]
        ],
        "final_answer": 2,
        "judge": "22",
        "text_id": "65c666e9f174b289770374b3"
    },
    {
        "known_questions": [
            "Q4",
            "Q5",
            "Q3",
            "Q0"
        ],
        "llm_answers": [
            [
                0.0022899397241029,
                0.0540811553846325,
                0.9431414787495184,
                0.0004874261417461
            ],
            [
                0.0330906815453232,
                0.0828098750722263,
                0.6834309783739104,
                0.20066846500854
            ],
            [
                0.1201955560853342,
                0.5882745851320526,
                0.2911359238581198,
                0.0003939349244933
            ],
            [
                0.0052166968810805,
                0.1658508880973909,
                0.426363990910622,
                0.4025684241109065
            ]
        ],
        "final_answer": 2,
        "judge": "22",
        "text_id": "65ca0d19f174b28977037bde"
    },
    {
        "known_questions": [
            "Q1",
            "Q3",
            "Q8"
        ],
        "llm_answers": [
            [
                0.0044835667294451,
                0.1355208868096373,
                0.7839013823636853,
                0.0760941640972323
            ],
            [
                0.2070913407039947,
                0.7241859637257351,
                0.0685341770157784,
                0.0001885185544917
            ],
            [
                0.4144236801530123,
                0.1504204589532971,
                0.43515558444786,
                0.0
            ]
        ],
        "final_answer": 2,
        "judge": "22",
        "text_id": "65c5b90bf174b28977037378"
    },
    {
        "known_questions": [
            "Q8",
            "Q1"
        ],
        "llm_answers": [
            [
                0.243710353506517,
                0.2084000488674033,
                0.5478893795125288,
                0.0
            ],
            [
                0.0001918125958725,
                0.0357848011086468,
                0.8522256790103625,
                0.1117977072851181
            ]
        ],
        "final_answer": 3,
        "judge": "22",
        "text_id": "65c65992f174b289770374aa"
    },
    {
        "known_questions": [
            "Q6",
            "Q5",
            "Q8",
            "Q4",
            "Q1"
        ],
        "llm_answers": [
            [
                0.0360833699721111,
                0.6949752223312693,
                0.2687798367130914,
                0.0001615709835281
            ],
            [
                0.0442579730435897,
                0.2232454942448762,
                0.6089520670636233,
                0.1235444656479107
            ],
            [
                0.338848142968838,
                0.1822625538643578,
                0.4788889920475759,
                0.0
            ],
            [
                0.0090496830266258,
                0.2362473696171556,
                0.7532453708454097,
                0.0014575765108088
            ],
            [
                0.0040022254922213,
                0.222092415093972,
                0.6371413366021808,
                0.1367640228116258
            ]
        ],
        "final_answer": 4,
        "judge": "22",
        "text_id": "65c9ccbcf174b289770378f7"
    },
    {
        "known_questions": [
            "Q7",
            "Q4",
            "Q8",
            "Q1",
            "Q0"
        ],
        "llm_answers": [
            [
                0.0752769424436515,
                0.5005879855784238,
                0.4116625163764745,
                0.0124725556014502
            ],
            [
                0.0053453194919792,
                0.1882914477999099,
                0.8062669222130674,
                9.631049504338696e-05
            ],
            [
                0.1677409622167884,
                0.3606302509675968,
                0.4716279804973324,
                0.0
            ],
            [
                0.0210890321878728,
                0.3629688085871456,
                0.5691141925103902,
                0.0468279667145914
            ],
            [
                0.024651261514097,
                0.287583736787632,
                0.4585252340241498,
                0.2292397676741211
            ]
        ],
        "final_answer": 2,
        "judge": "22",
        "text_id": "65c64d82f174b2897703749a"
    },
    {
        "known_questions": [
            "Q1"
        ],
        "llm_answers": [
            [
                0.0210890321878728,
                0.3629688085871456,
                0.5691141925103902,
                0.0468279667145914
            ]
        ],
        "final_answer": 2,
        "judge": "22",
        "text_id": "65c64d82f174b2897703749a"
    },
    {
        "known_questions": [
            "Q4",
            "Q6",
            "Q0"
        ],
        "llm_answers": [
            [
                0.0053453194919792,
                0.1882914477999099,
                0.8062669222130674,
                9.631049504338696e-05
            ],
            [
                0.0341353600528353,
                0.7551671222463238,
                0.2106423978413416,
                5.5119859499256346e-05
            ],
            [
                0.024651261514097,
                0.287583736787632,
                0.4585252340241498,
                0.2292397676741211
            ]
        ],
        "final_answer": 2,
        "judge": "22",
        "text_id": "65c64d82f174b2897703749a"
    },
    {
        "known_questions": [
            "Q3",
            "Q8",
            "Q5",
            "Q0"
        ],
        "llm_answers": [
            [
                0.0059150400052142,
                0.2763426167114363,
                0.7148803748234944,
                0.0028619684598549
            ],
            [
                0.2709311432132695,
                0.1898441181267469,
                0.5392241809192259,
                0.0
            ],
            [
                0.0267859990572912,
                0.2025492420840584,
                0.5964971285948202,
                0.1741676302638301
            ],
            [
                0.0080267809446258,
                0.1723381730586449,
                0.3625562624312936,
                0.4570787835654357
            ]
        ],
        "final_answer": 3,
        "judge": "22",
        "text_id": "65ca04ecf174b28977037bb5"
    },
    {
        "known_questions": [
            "Q7",
            "Q4",
            "Q3",
            "Q1",
            "Q0"
        ],
        "llm_answers": [
            [
                0.0427566516591732,
                0.4205567117108456,
                0.5041129638832081,
                0.0325736727467729
            ],
            [
                0.0097960478190861,
                0.2830854004709941,
                0.7062016363200868,
                0.0009169153898329
            ],
            [
                0.0050051103202555,
                0.2297680345429016,
                0.7622668220255133,
                0.0029600331113294
            ],
            [
                0.0071777669172584,
                0.2927012664213626,
                0.6474456684839266,
                0.0526752981774522
            ],
            [
                0.0180238036108855,
                0.3677902883405214,
                0.442303132476076,
                0.1718827755725169
            ]
        ],
        "final_answer": 4,
        "judge": "22",
        "text_id": "65c9eb09f174b28977037a90"
    },
    {
        "known_questions": [
            "Q3",
            "Q0"
        ],
        "llm_answers": [
            [
                0.0013049807097899,
                0.0991045108927927,
                0.898863353776907,
                0.0007271546205102
            ],
            [
                0.024651261514097,
                0.287583736787632,
                0.4585252340241498,
                0.2292397676741211
            ]
        ],
        "final_answer": 2,
        "judge": "22",
        "text_id": "65c64d82f174b2897703749a"
    },
    {
        "known_questions": [
            "Q1",
            "Q4",
            "Q8",
            "Q5",
            "Q2",
            "Q7"
        ],
        "llm_answers": [
            [
                0.0057882145268585,
                0.2077162928916209,
                0.6647923073876512,
                0.1217031851938693
            ],
            [
                0.0114932346104327,
                0.1926554706516094,
                0.7951000434152731,
                0.0007512513226847
            ],
            [
                0.4045852850414864,
                0.2199394002328914,
                0.3754749488714151,
                0.0
            ],
            [
                0.0521074788416354,
                0.2068104733714311,
                0.4874159602183242,
                0.2536660875686092
            ],
            [
                0.022233190336326,
                0.1895687456440673,
                0.7652980245852441,
                0.0229000394343626
            ],
            [
                0.0436750255776035,
                0.4354611618221812,
                0.478523318237686,
                0.0423404943625292
            ]
        ],
        "final_answer": 2,
        "judge": "22",
        "text_id": "65c666e9f174b289770374b3"
    },
    {
        "known_questions": [
            "Q8",
            "Q5",
            "Q0"
        ],
        "llm_answers": [
            [
                0.3277211912826913,
                0.199370603189823,
                0.4729078836301445,
                0.0
            ],
            [
                0.025811917225405,
                0.1139470530120071,
                0.7789437795513011,
                0.0812972502112867
            ],
            [
                0.002746918911493,
                0.2068748844838996,
                0.3396469133114662,
                0.450731283293141
            ]
        ],
        "final_answer": 1,
        "judge": "22",
        "text_id": "65ca0f23f174b28977037bf2"
    },
    {
        "known_questions": [
            "Q1",
            "Q4",
            "Q2",
            "Q3",
            "Q6",
            "Q8",
            "Q7"
        ],
        "llm_answers": [
            [
                0.0001578112704268,
                0.0137033886518962,
                0.81741724566461,
                0.1687215544130667
            ],
            [
                0.01056072867037,
                0.1796259761521337,
                0.8092999694665847,
                0.0005133257109114
            ],
            [
                0.0024597254755535,
                0.0196061589381357,
                0.93103807973688,
                0.0468960358494304
            ],
            [
                0.1354902678585465,
                0.5972207698741939,
                0.2670956980425055,
                0.000193264224754
            ],
            [
                0.0023417966846838,
                0.2973870380120747,
                0.7002529652698696,
                1.8200033371880016e-05
            ],
            [
                0.3409451203575583,
                0.2756995062035719,
                0.3833553734388698,
                0.0
            ],
            [
                0.023888827786477,
                0.2074809426936613,
                0.6612445975039566,
                0.1073856320159051
            ]
        ],
        "final_answer": 4,
        "judge": "22",
        "text_id": "65c8ee9ff174b28977037645"
    },
    {
        "known_questions": [
            "Q8",
            "Q6",
            "Q0"
        ],
        "llm_answers": [
            [
                0.3796882341739563,
                0.2075359503980016,
                0.4127754661371985,
                0.0
            ],
            [
                0.0042410379718091,
                0.3110426198026608,
                0.6835323219700836,
                0.0011840202554464
            ],
            [
                0.0096897599633904,
                0.1877695389146575,
                0.3289216097098776,
                0.4736190914120743
            ]
        ],
        "final_answer": 4,
        "judge": "22",
        "text_id": "65ca0a93f174b28977037bca"
    },
    {
        "known_questions": [
            "Q8",
            "Q7",
            "Q0"
        ],
        "llm_answers": [
            [
                0.3924881501850608,
                0.1926260233259446,
                0.4148854907097062,
                0.0
            ],
            [
                0.0285831063189358,
                0.2997445929316914,
                0.5972217501135195,
                0.0744505506358532
            ],
            [
                0.0068177007894284,
                0.2014568848180362,
                0.2927314065412907,
                0.4989940078512445
            ]
        ],
        "final_answer": 4,
        "judge": "22",
        "text_id": "65c90311f174b2897703765d"
    },
    {
        "known_questions": [
            "Q7",
            "Q0"
        ],
        "llm_answers": [
            [
                0.0752769424436515,
                0.5005879855784238,
                0.4116625163764745,
                0.0124725556014502
            ],
            [
                0.024651261514097,
                0.287583736787632,
                0.4585252340241498,
                0.2292397676741211
            ]
        ],
        "final_answer": 2,
        "judge": "22",
        "text_id": "65c64d82f174b2897703749a"
    },
    {
        "known_questions": [
            "Q3",
            "Q6",
            "Q0"
        ],
        "llm_answers": [
            [
                0.1110265476881298,
                0.7675641208688678,
                0.1211020817896988,
                0.0003072496533034
            ],
            [
                0.0019868203753673,
                0.3990318185970436,
                0.5989423139577026,
                3.9047069886346134e-05
            ],
            [
                0.002746918911493,
                0.2068748844838996,
                0.3396469133114662,
                0.450731283293141
            ]
        ],
        "final_answer": 1,
        "judge": "22",
        "text_id": "65ca0f23f174b28977037bf2"
    },
    {
        "known_questions": [
            "Q6",
            "Q1",
            "Q2",
            "Q4",
            "Q3"
        ],
        "llm_answers": [
            [
                0.0023417966846838,
                0.2973870380120747,
                0.7002529652698696,
                1.8200033371880016e-05
            ],
            [
                0.0001578112704268,
                0.0137033886518962,
                0.81741724566461,
                0.1687215544130667
            ],
            [
                0.0024597254755535,
                0.0196061589381357,
                0.93103807973688,
                0.0468960358494304
            ],
            [
                0.01056072867037,
                0.1796259761521337,
                0.8092999694665847,
                0.0005133257109114
            ],
            [
                0.1354902678585465,
                0.5972207698741939,
                0.2670956980425055,
                0.000193264224754
            ]
        ],
        "final_answer": 4,
        "judge": "22",
        "text_id": "65c8ee9ff174b28977037645"
    },
    {
        "known_questions": [
            "Q3",
            "Q5",
            "Q6",
            "Q4"
        ],
        "llm_answers": [
            [
                0.0125067031649982,
                0.4342931442963622,
                0.5518314766692366,
                0.001368675869403
            ],
            [
                0.0442579730435897,
                0.2232454942448762,
                0.6089520670636233,
                0.1235444656479107
            ],
            [
                0.0360833699721111,
                0.6949752223312693,
                0.2687798367130914,
                0.0001615709835281
            ],
            [
                0.0090496830266258,
                0.2362473696171556,
                0.7532453708454097,
                0.0014575765108088
            ]
        ],
        "final_answer": 4,
        "judge": "22",
        "text_id": "65c9ccbcf174b289770378f7"
    },
    {
        "known_questions": [
            "Q8",
            "Q5",
            "Q2",
            "Q1",
            "Q7",
            "Q4",
            "Q0"
        ],
        "llm_answers": [
            [
                0.3796882341739563,
                0.2075359503980016,
                0.4127754661371985,
                0.0
            ],
            [
                0.0462541775870459,
                0.2300425946910285,
                0.6142571282187392,
                0.1094460995031862
            ],
            [
                0.0123062278066717,
                0.1663030389583001,
                0.8132763697586332,
                0.008114363476395
            ],
            [
                0.0283964381508264,
                0.3867988034353549,
                0.543932995959196,
                0.0408717624546226
            ],
            [
                0.0130407410399416,
                0.2350037997353953,
                0.6938744130443804,
                0.0580810461802828
            ],
            [
                0.0124680937716123,
                0.2188441609897625,
                0.7652395965229778,
                0.0034481487156472
            ],
            [
                0.0096897599633904,
                0.1877695389146575,
                0.3289216097098776,
                0.4736190914120743
            ]
        ],
        "final_answer": 4,
        "judge": "22",
        "text_id": "65ca0a93f174b28977037bca"
    },
    {
        "known_questions": [
            "Q4",
            "Q2",
            "Q6",
            "Q8",
            "Q7",
            "Q0"
        ],
        "llm_answers": [
            [
                0.001169304404411,
                0.0553577986287387,
                0.942746605847822,
                0.0007262911190282
            ],
            [
                0.0092185226601094,
                0.09011111254014,
                0.8685896138097284,
                0.0320807509900221
            ],
            [
                0.0014230964292264,
                0.2925420103692509,
                0.7060143065710167,
                2.058663050594149e-05
            ],
            [
                0.3470107126629863,
                0.2224565388905929,
                0.4305327484464207,
                0.0
            ],
            [
                0.0110774979006765,
                0.1117804337896853,
                0.6143832595149901,
                0.262758808794648
            ],
            [
                0.0033658391255971,
                0.1279892787551525,
                0.2522111165035784,
                0.6164337656156719
            ]
        ],
        "final_answer": 4,
        "judge": "22",
        "text_id": "65c9e259f174b28977037999"
    },
    {
        "known_questions": [
            "Q6",
            "Q7",
            "Q3",
            "Q8"
        ],
        "llm_answers": [
            [
                0.0042410379718091,
                0.3110426198026608,
                0.6835323219700836,
                0.0011840202554464
            ],
            [
                0.0130407410399416,
                0.2350037997353953,
                0.6938744130443804,
                0.0580810461802828
            ],
            [
                0.0247829490399797,
                0.4063363959540347,
                0.5668927475059448,
                0.0019879075000407
            ],
            [
                0.3796882341739563,
                0.2075359503980016,
                0.4127754661371985,
                0.0
            ]
        ],
        "final_answer": 4,
        "judge": "22",
        "text_id": "65ca0a93f174b28977037bca"
    },
    {
        "known_questions": [
            "Q5",
            "Q0"
        ],
        "llm_answers": [
            [
                0.07579150527807,
                0.2783921187012091,
                0.5040424641543354,
                0.1417739118663855
            ],
            [
                0.0068177007894284,
                0.2014568848180362,
                0.2927314065412907,
                0.4989940078512445
            ]
        ],
        "final_answer": 4,
        "judge": "22",
        "text_id": "65c90311f174b2897703765d"
    },
    {
        "known_questions": [
            "Q4",
            "Q5"
        ],
        "llm_answers": [
            [
                0.0022899397241029,
                0.0540811553846325,
                0.9431414787495184,
                0.0004874261417461
            ],
            [
                0.0330906815453232,
                0.0828098750722263,
                0.6834309783739104,
                0.20066846500854
            ]
        ],
        "final_answer": 2,
        "judge": "22",
        "text_id": "65ca0d19f174b28977037bde"
    },
    {
        "known_questions": [
            "Q2",
            "Q8",
            "Q5",
            "Q4"
        ],
        "llm_answers": [
            [
                0.0123062278066717,
                0.1663030389583001,
                0.8132763697586332,
                0.008114363476395
            ],
            [
                0.3796882341739563,
                0.2075359503980016,
                0.4127754661371985,
                0.0
            ],
            [
                0.0462541775870459,
                0.2300425946910285,
                0.6142571282187392,
                0.1094460995031862
            ],
            [
                0.0124680937716123,
                0.2188441609897625,
                0.7652395965229778,
                0.0034481487156472
            ]
        ],
        "final_answer": 4,
        "judge": "22",
        "text_id": "65ca0a93f174b28977037bca"
    },
    {
        "known_questions": [
            "Q8",
            "Q2",
            "Q3",
            "Q5"
        ],
        "llm_answers": [
            [
                0.4144236801530123,
                0.1504204589532971,
                0.43515558444786,
                0.0
            ],
            [
                0.0513568028185336,
                0.186236767364096,
                0.7526543614083409,
                0.0097520684090292
            ],
            [
                0.2070913407039947,
                0.7241859637257351,
                0.0685341770157784,
                0.0001885185544917
            ],
            [
                0.0194531378125313,
                0.0948930135824448,
                0.7155721869864978,
                0.1700816616185261
            ]
        ],
        "final_answer": 2,
        "judge": "22",
        "text_id": "65c5b90bf174b28977037378"
    },
    {
        "known_questions": [
            "Q7",
            "Q8",
            "Q3"
        ],
        "llm_answers": [
            [
                0.0481481820217904,
                0.4504130636581882,
                0.4594245742938028,
                0.0420141800262187
            ],
            [
                0.1699756812882063,
                0.4633399767075689,
                0.3666838290678387,
                0.0
            ],
            [
                0.0413122236460048,
                0.5199279416556586,
                0.43821755511372,
                0.0005422795846164
            ]
        ],
        "final_answer": 4,
        "judge": "22",
        "text_id": "65c5b4b9f174b2897703736a"
    },
    {
        "known_questions": [
            "Q4",
            "Q3",
            "Q1",
            "Q5",
            "Q8",
            "Q2",
            "Q7"
        ],
        "llm_answers": [
            [
                0.007925314175824,
                0.2406882824858481,
                0.7507810484722368,
                0.000605354866091
            ],
            [
                0.0035556894385038,
                0.1898815353095567,
                0.8042809105068771,
                0.0022818647450623
            ],
            [
                0.0037740231845813,
                0.177053844081906,
                0.7331375371004458,
                0.0860345956330668
            ],
            [
                0.0576521613924761,
                0.3013707208492649,
                0.5424864660023904,
                0.0984906517558685
            ],
            [
                0.3168337101027466,
                0.1921550623393451,
                0.4910109664294352,
                0.0
            ],
            [
                0.0056153207453585,
                0.111648272924268,
                0.8522577968361992,
                0.0304786094941741
            ],
            [
                0.0464973417653583,
                0.3896607327972854,
                0.5156497802613667,
                0.0481921451759896
            ]
        ],
        "final_answer": 4,
        "judge": "22",
        "text_id": "65c6356ef174b28977037493"
    },
    {
        "known_questions": [
            "Q6",
            "Q5",
            "Q8",
            "Q4",
            "Q1"
        ],
        "llm_answers": [
            [
                0.0022775609765229,
                0.2466973109116613,
                0.751003958888379,
                2.11692234367167e-05
            ],
            [
                0.0330906815453232,
                0.0828098750722263,
                0.6834309783739104,
                0.20066846500854
            ],
            [
                0.2874325098592887,
                0.2366940749628927,
                0.4758734151778185,
                0.0
            ],
            [
                0.0022899397241029,
                0.0540811553846325,
                0.9431414787495184,
                0.0004874261417461
            ],
            [
                0.0001262178744373,
                0.0270211879430955,
                0.8489201642861443,
                0.1239324298963228
            ]
        ],
        "final_answer": 2,
        "judge": "22",
        "text_id": "65ca0d19f174b28977037bde"
    },
    {
        "known_questions": [
            "Q3",
            "Q1",
            "Q6",
            "Q0"
        ],
        "llm_answers": [
            [
                0.0247829490399797,
                0.4063363959540347,
                0.5668927475059448,
                0.0019879075000407
            ],
            [
                0.0283964381508264,
                0.3867988034353549,
                0.543932995959196,
                0.0408717624546226
            ],
            [
                0.0042410379718091,
                0.3110426198026608,
                0.6835323219700836,
                0.0011840202554464
            ],
            [
                0.0096897599633904,
                0.1877695389146575,
                0.3289216097098776,
                0.4736190914120743
            ]
        ],
        "final_answer": 4,
        "judge": "22",
        "text_id": "65ca0a93f174b28977037bca"
    },
    {
        "known_questions": [
            "Q6",
            "Q2",
            "Q5"
        ],
        "llm_answers": [
            [
                0.0421513040680133,
                0.6703299157196941,
                0.2872952471569607,
                0.0002235330553318
            ],
            [
                0.0069046668473431,
                0.1131057404845809,
                0.8441554395029062,
                0.0358341531651697
            ],
            [
                0.0267859990572912,
                0.2025492420840584,
                0.5964971285948202,
                0.1741676302638301
            ]
        ],
        "final_answer": 3,
        "judge": "22",
        "text_id": "65ca04ecf174b28977037bb5"
    },
    {
        "known_questions": [
            "Q6",
            "Q3",
            "Q8",
            "Q5",
            "Q1"
        ],
        "llm_answers": [
            [
                0.0019868203753673,
                0.3990318185970436,
                0.5989423139577026,
                3.9047069886346134e-05
            ],
            [
                0.1110265476881298,
                0.7675641208688678,
                0.1211020817896988,
                0.0003072496533034
            ],
            [
                0.3277211912826913,
                0.199370603189823,
                0.4729078836301445,
                0.0
            ],
            [
                0.025811917225405,
                0.1139470530120071,
                0.7789437795513011,
                0.0812972502112867
            ],
            [
                0.000210135816528,
                0.0717593233284134,
                0.8639319879519384,
                0.06409855290312
            ]
        ],
        "final_answer": 1,
        "judge": "22",
        "text_id": "65ca0f23f174b28977037bf2"
    },
    {
        "known_questions": [
            "Q7",
            "Q2",
            "Q0"
        ],
        "llm_answers": [
            [
                0.0389790278313521,
                0.2676368310708907,
                0.598976552880586,
                0.094407588217171
            ],
            [
                0.0021610946140426,
                0.0398804551929377,
                0.9224296742137904,
                0.035528775979229
            ],
            [
                0.0052789234043867,
                0.2021604878456893,
                0.3115556507124308,
                0.4810049380374929
            ]
        ],
        "final_answer": 3,
        "judge": "22",
        "text_id": "65c65992f174b289770374aa"
    },
    {
        "known_questions": [
            "Q6",
            "Q3",
            "Q8",
            "Q5",
            "Q1"
        ],
        "llm_answers": [
            [
                0.0188479378872291,
                0.5866565835037624,
                0.394400098315417,
                9.538029359143728e-05
            ],
            [
                0.0025249084248426,
                0.2345252820560192,
                0.7612661734278114,
                0.0016836360913266
            ],
            [
                0.3924881501850608,
                0.1926260233259446,
                0.4148854907097062,
                0.0
            ],
            [
                0.07579150527807,
                0.2783921187012091,
                0.5040424641543354,
                0.1417739118663855
            ],
            [
                0.0169483279367079,
                0.278546436168257,
                0.588899406511665,
                0.11560582938337
            ]
        ],
        "final_answer": 4,
        "judge": "22",
        "text_id": "65c90311f174b2897703765d"
    },
    {
        "known_questions": [
            "Q7",
            "Q6"
        ],
        "llm_answers": [
            [
                0.0508422231079645,
                0.2214656886345712,
                0.5818784475442795,
                0.1458136407131847
            ],
            [
                0.0022775609765229,
                0.2466973109116613,
                0.751003958888379,
                2.11692234367167e-05
            ]
        ],
        "final_answer": 2,
        "judge": "22",
        "text_id": "65ca0d19f174b28977037bde"
    },
    {
        "known_questions": [
            "Q4",
            "Q7",
            "Q8",
            "Q5",
            "Q1",
            "Q3",
            "Q2",
            "Q0"
        ],
        "llm_answers": [
            [
                0.0033093578343488,
                0.2283429722227689,
                0.7673668605500907,
                0.0009808093927915
            ],
            [
                0.0285831063189358,
                0.2997445929316914,
                0.5972217501135195,
                0.0744505506358532
            ],
            [
                0.3924881501850608,
                0.1926260233259446,
                0.4148854907097062,
                0.0
            ],
            [
                0.07579150527807,
                0.2783921187012091,
                0.5040424641543354,
                0.1417739118663855
            ],
            [
                0.0169483279367079,
                0.278546436168257,
                0.588899406511665,
                0.11560582938337
            ],
            [
                0.0025249084248426,
                0.2345252820560192,
                0.7612661734278114,
                0.0016836360913266
            ],
            [
                0.0062850257192616,
                0.1014764380605759,
                0.8802551461012653,
                0.011983390118897
            ],
            [
                0.0068177007894284,
                0.2014568848180362,
                0.2927314065412907,
                0.4989940078512445
            ]
        ],
        "final_answer": 4,
        "judge": "22",
        "text_id": "65c90311f174b2897703765d"
    },
    {
        "known_questions": [
            "Q8",
            "Q5",
            "Q3",
            "Q4",
            "Q1",
            "Q6",
            "Q0"
        ],
        "llm_answers": [
            [
                0.3409451203575583,
                0.2756995062035719,
                0.3833553734388698,
                0.0
            ],
            [
                0.0210237165028285,
                0.0398798728892086,
                0.4254799210195658,
                0.513616489588397
            ],
            [
                0.1354902678585465,
                0.5972207698741939,
                0.2670956980425055,
                0.000193264224754
            ],
            [
                0.01056072867037,
                0.1796259761521337,
                0.8092999694665847,
                0.0005133257109114
            ],
            [
                0.0001578112704268,
                0.0137033886518962,
                0.81741724566461,
                0.1687215544130667
            ],
            [
                0.0023417966846838,
                0.2973870380120747,
                0.7002529652698696,
                1.8200033371880016e-05
            ],
            [
                0.002808402628401,
                0.1219852166105375,
                0.3173005912822221,
                0.5579057894788392
            ]
        ],
        "final_answer": 4,
        "judge": "22",
        "text_id": "65c8ee9ff174b28977037645"
    },
    {
        "known_questions": [
            "Q2",
            "Q4",
            "Q5",
            "Q6",
            "Q8",
            "Q3",
            "Q1"
        ],
        "llm_answers": [
            [
                0.022233190336326,
                0.1895687456440673,
                0.7652980245852441,
                0.0229000394343626
            ],
            [
                0.0114932346104327,
                0.1926554706516094,
                0.7951000434152731,
                0.0007512513226847
            ],
            [
                0.0521074788416354,
                0.2068104733714311,
                0.4874159602183242,
                0.2536660875686092
            ],
            [
                0.006341196025065,
                0.693768060686693,
                0.2997183793128196,
                0.0001723639754221
            ],
            [
                0.4045852850414864,
                0.2199394002328914,
                0.3754749488714151,
                0.0
            ],
            [
                0.0117923816048585,
                0.3903923489061141,
                0.5970362884735172,
                0.0007789810155101
            ],
            [
                0.0057882145268585,
                0.2077162928916209,
                0.6647923073876512,
                0.1217031851938693
            ]
        ],
        "final_answer": 2,
        "judge": "22",
        "text_id": "65c666e9f174b289770374b3"
    },
    {
        "known_questions": [
            "Q4",
            "Q7",
            "Q6",
            "Q5",
            "Q8",
            "Q3",
            "Q2",
            "Q0"
        ],
        "llm_answers": [
            [
                0.01056072867037,
                0.1796259761521337,
                0.8092999694665847,
                0.0005133257109114
            ],
            [
                0.023888827786477,
                0.2074809426936613,
                0.6612445975039566,
                0.1073856320159051
            ],
            [
                0.0023417966846838,
                0.2973870380120747,
                0.7002529652698696,
                1.8200033371880016e-05
            ],
            [
                0.0210237165028285,
                0.0398798728892086,
                0.4254799210195658,
                0.513616489588397
            ],
            [
                0.3409451203575583,
                0.2756995062035719,
                0.3833553734388698,
                0.0
            ],
            [
                0.1354902678585465,
                0.5972207698741939,
                0.2670956980425055,
