[
    {
        "known_questions": [
            "Q2",
            "Q5",
            "Q0"
        ],
        "llm_answers": [
            [
                0.0050672820601261,
                0.1281271962288339,
                0.8536758722415255,
                0.0131296494695144
            ],
            [
                0.0522873922073613,
                0.2846256975725708,
                0.5857509945111228,
                0.077335915708945
            ],
            [
                0.0140316354477648,
                0.1929662407536418,
                0.3458824769031902,
                0.4471196468954031
            ]
        ],
        "final_answer": 2,
        "judge": "5",
        "text_id": "65c9c8b2f174b289770378c3"
    },
    {
        "known_questions": [
            "Q2",
            "Q3"
        ],
        "llm_answers": [
            [
                0.0050672820601261,
                0.1281271962288339,
                0.8536758722415255,
                0.0131296494695144
            ],
            [
                0.0184427597249386,
                0.344222574359598,
                0.6349665158988289,
                0.0023681500166343
            ]
        ],
        "final_answer": 2,
        "judge": "5",
        "text_id": "65c9c8b2f174b289770378c3"
    },
    {
        "known_questions": [
            "Q4",
            "Q1"
        ],
        "llm_answers": [
            [
                0.0014696578250211,
                0.1313527958761086,
                0.8659467452685243,
                0.0012308010303459
            ],
            [
                0.0026689360258652,
                0.2108475374160876,
                0.7121148900382474,
                0.0743686365197998
            ]
        ],
        "final_answer": 2,
        "judge": "5",
        "text_id": "65c9bb88f174b28977037799"
    },
    {
        "known_questions": [
            "Q4",
            "Q7",
            "Q6",
            "Q5",
            "Q8",
            "Q3",
            "Q2",
            "Q0"
        ],
        "llm_answers": [
            [
                0.0108501409331697,
                0.2534246573356429,
                0.7348515228912352,
                0.000873678839952
            ],
            [
                0.0212040307540941,
                0.3087630621221108,
                0.6079954348792355,
                0.0620374722445595
            ],
            [
                0.0356655179055813,
                0.7122017421691713,
                0.2520089586354912,
                0.0001237812897561
            ],
            [
                0.0308912263901063,
                0.2398820413133106,
                0.5652046104573473,
                0.1640221218392357
            ],
            [
                0.4386406911284246,
                0.1733126981543712,
                0.3880460145183707,
                0.0
            ],
            [
                0.019065513042646,
                0.4197353833729389,
                0.5599597483115896,
                0.0012393552728254
            ],
            [
                0.0148228178329237,
                0.1906449578822447,
                0.7907396070692545,
                0.0037926172155771
            ],
            [
                0.0024621147389687,
                0.1243981278362675,
                0.4814114600055004,
                0.3917282974192632
            ]
        ],
        "final_answer": 2,
        "judge": "5",
        "text_id": "65c9e3f6f174b289770379c7"
    },
    {
        "known_questions": [
            "Q7",
            "Q4",
            "Q3",
            "Q1",
            "Q0"
        ],
        "llm_answers": [
            [
                0.0351032945810239,
                0.2634131175057126,
                0.5427696913357879,
                0.1587138965774755
            ],
            [
                0.0014696578250211,
                0.1313527958761086,
                0.8659467452685243,
                0.0012308010303459
            ],
            [
                0.0027105748062948,
                0.2645193004084257,
                0.7305785233665201,
                0.0021916014187593
            ],
            [
                0.0026689360258652,
                0.2108475374160876,
                0.7121148900382474,
                0.0743686365197998
            ],
            [
                0.0025567456583307,
                0.092583896494515,
                0.3380872920296111,
                0.5667720658175431
            ]
        ],
        "final_answer": 2,
        "judge": "5",
        "text_id": "65c9bb88f174b28977037799"
    },
    {
        "known_questions": [
            "Q8",
            "Q6",
            "Q7",
            "Q2"
        ],
        "llm_answers": [
            [
                0.2738925068996697,
                0.2243826646881202,
                0.5017248284122099,
                0.0
            ],
            [
                0.0025037883841592,
                0.4079299785799855,
                0.5895214396622659,
                4.4793373589403475e-05
            ],
            [
                0.0177972566782031,
                0.2278758415939603,
                0.5762694383395552,
                0.1780574633882812
            ],
            [
                0.0116561618702236,
                0.1400103930722122,
                0.8401553507308103,
                0.0081780943267537
            ]
        ],
        "final_answer": 1,
        "judge": "5",
        "text_id": "65c9e4c9f174b289770379e2"
    },
    {
        "known_questions": [
            "Q2",
            "Q4",
            "Q3",
            "Q8",
            "Q0"
        ],
        "llm_answers": [
            [
                0.0054798986812819,
                0.1382218788798838,
                0.8420107083963448,
                0.0142875140424893
            ],
            [
                0.0018429534813404,
                0.0948431465062463,
                0.8932834713644996,
                0.0100304286479137
            ],
            [
                0.002382590167802,
                0.2026840579170478,
                0.7905677843740634,
                0.0043655675410867
            ],
            [
                0.2491063444660903,
                0.2587348239603488,
                0.492157876147814,
                0.0
            ],
            [
                0.0147351566370966,
                0.169812085525759,
                0.3458508616383414,
                0.469601896198803
            ]
        ],
        "final_answer": 4,
        "judge": "5",
        "text_id": "65c9f34df174b28977037b34"
    },
    {
        "known_questions": [
            "Q7",
            "Q2",
            "Q0"
        ],
        "llm_answers": [
            [
                0.0350428753937688,
                0.3398456768749112,
                0.5511044595945742,
                0.0740069881367456
            ],
            [
                0.0046127449027494,
                0.1118552923603024,
                0.8655027079701599,
                0.0180292547667882
            ],
            [
                0.0013386901012245,
                0.1000331868531015,
                0.4658068668801249,
                0.4328212561655489
            ]
        ],
        "final_answer": 4,
        "judge": "5",
        "text_id": "65c9fa09f174b28977037b88"
    },
    {
        "known_questions": [
            "Q3",
            "Q7",
            "Q0"
        ],
        "llm_answers": [
            [
                0.0077864878435522,
                0.218429630123237,
                0.769092373386848,
                0.0046915086463627
            ],
            [
                0.087350110173542,
                0.4527675222639673,
                0.4293025297165853,
                0.0305798378459053
            ],
            [
                0.0449995450401139,
                0.2560235620493596,
                0.3303114111051564,
                0.3686654818053699
            ]
        ],
        "final_answer": 1,
        "judge": "5",
        "text_id": "65c9f5e2f174b28977037b60"
    },
    {
        "known_questions": [
            "Q2",
            "Q1",
            "Q8",
            "Q7",
            "Q4"
        ],
        "llm_answers": [
            [
                0.0060556391196149,
                0.0825222310082127,
                0.8912680765859539,
                0.0201540532862184
            ],
            [
                0.0069319486176166,
                0.294229377722792,
                0.6532085885805314,
                0.0456300850790599
            ],
            [
                0.1948033992832765,
                0.3640600917278118,
                0.441135763219689,
                0.0
            ],
            [
                0.0469702357177786,
                0.414447835940031,
                0.4847687913967991,
                0.0538131369453912
            ],
            [
                0.002357225128556,
                0.1189355481576254,
                0.8734205890881737,
                0.0052866376256448
            ]
        ],
        "final_answer": 1,
        "judge": "5",
        "text_id": "65c9eeb1f174b28977037ae0"
    },
    {
        "known_questions": [
            "Q8",
            "Q1"
        ],
        "llm_answers": [
            [
                0.319410430327434,
                0.231400110260131,
                0.4491891332587328,
                0.0
            ],
            [
                0.0063763759328581,
                0.2830230096045372,
                0.6627364304599465,
                0.0478641840026581
            ]
        ],
        "final_answer": 3,
        "judge": "5",
        "text_id": "65c9f712f174b28977037b6d"
    },
    {
        "known_questions": [
            "Q1",
            "Q3",
            "Q8",
            "Q7",
            "Q2",
            "Q4",
            "Q0"
        ],
        "llm_answers": [
            [
                0.0160283098937016,
                0.2810483523941297,
                0.6260546872494988,
                0.0768686504626699
            ],
            [
                0.0184427597249386,
                0.344222574359598,
                0.6349665158988289,
                0.0023681500166343
            ],
            [
                0.2431200086003481,
                0.3151455778538928,
                0.4417339969170488,
                0.0
            ],
            [
                0.066785266611332,
                0.3717643316717888,
                0.4459904309429948,
                0.1154599707738844
            ],
            [
                0.0050672820601261,
                0.1281271962288339,
                0.8536758722415255,
                0.0131296494695144
            ],
            [
                0.0040296143616239,
                0.1576688235064387,
                0.83720877298378,
                0.0010927891481572
            ],
            [
                0.0140316354477648,
                0.1929662407536418,
                0.3458824769031902,
                0.4471196468954031
            ]
        ],
        "final_answer": 2,
        "judge": "5",
        "text_id": "65c9c8b2f174b289770378c3"
    },
    {
        "known_questions": [
            "Q1",
            "Q3",
            "Q2",
            "Q7",
            "Q0"
        ],
        "llm_answers": [
            [
                0.0069319486176166,
                0.294229377722792,
                0.6532085885805314,
                0.0456300850790599
            ],
            [
                0.0052279689275558,
                0.1827130614877323,
                0.8092952864691729,
                0.0027636831155389
            ],
            [
                0.0060556391196149,
                0.0825222310082127,
                0.8912680765859539,
                0.0201540532862184
            ],
            [
                0.0469702357177786,
                0.414447835940031,
                0.4847687913967991,
                0.0538131369453912
            ],
            [
                0.000903095337309,
                0.0690224799060472,
                0.395305141690469,
                0.5347692830661747
            ]
        ],
        "final_answer": 1,
        "judge": "5",
        "text_id": "65c9eeb1f174b28977037ae0"
    },
    {
        "known_questions": [
            "Q2",
            "Q4",
            "Q3",
            "Q8",
            "Q0"
        ],
        "llm_answers": [
            [
                0.0147753267937338,
                0.1811424396316802,
                0.8008905540305774,
                0.0031916795440085
            ],
            [
                0.0027559802100136,
                0.0959514920322032,
                0.9009310534559708,
                0.0003614743018123
            ],
            [
                0.2388136062071441,
                0.6406605716813047,
                0.120387782962142,
                0.000138039149409
            ],
            [
                0.3139046388565578,
                0.1644290124606418,
                0.5216660237481131,
                0.0
            ],
            [
                0.0086299519032166,
                0.1315431496313084,
                0.3471046195861185,
                0.5127222788793565
            ]
        ],
        "final_answer": 1,
        "judge": "5",
        "text_id": "65c9e716f174b28977037a23"
    },
    {
        "known_questions": [
            "Q1",
            "Q6",
            "Q7"
        ],
        "llm_answers": [
            [
                0.0359871395311239,
                0.3438112927905353,
                0.566495524054605,
                0.0537060436237357
            ],
            [
                0.078789401640761,
                0.6758642355404982,
                0.2452145375571417,
                0.0001318252615989
            ],
            [
                0.087350110173542,
                0.4527675222639673,
                0.4293025297165853,
                0.0305798378459053
            ]
        ],
        "final_answer": 1,
        "judge": "5",
        "text_id": "65c9f5e2f174b28977037b60"
    },
    {
        "known_questions": [
            "Q1"
        ],
        "llm_answers": [
            [
                0.0006265334005668,
                0.091042725460738,
                0.8542780676080409,
                0.0540526735306541
            ]
        ],
        "final_answer": 2,
        "judge": "5",
        "text_id": "65c9f7cbf174b28977037b78"
    },
    {
        "known_questions": [
            "Q1",
            "Q3",
            "Q7",
            "Q6",
            "Q2",
            "Q5"
        ],
        "llm_answers": [
            [
                0.0026689360258652,
                0.2108475374160876,
                0.7121148900382474,
                0.0743686365197998
            ],
            [
                0.0027105748062948,
                0.2645193004084257,
                0.7305785233665201,
                0.0021916014187593
            ],
            [
                0.0351032945810239,
                0.2634131175057126,
                0.5427696913357879,
                0.1587138965774755
            ],
            [
                0.0398591485034341,
                0.6256475618865097,
                0.3343916304620307,
                0.0001016591480254
            ],
            [
                0.002829612475653,
                0.0930403311922986,
                0.8721417673060188,
                0.0319882890260295
            ],
            [
                0.0444859470439787,
                0.2339189861863577,
                0.5569211358352036,
                0.1646739309344598
            ]
        ],
        "final_answer": 2,
        "judge": "5",
        "text_id": "65c9bb88f174b28977037799"
    },
    {
        "known_questions": [
            "Q7",
            "Q4",
            "Q3",
            "Q0"
        ],
        "llm_answers": [
            [
                0.0350428753937688,
                0.3398456768749112,
                0.5511044595945742,
                0.0740069881367456
            ],
            [
                0.0049473815520394,
                0.1692997237189771,
                0.8250117405768583,
                0.0007411541521251
            ],
            [
                0.011841246632136,
                0.2348254362838976,
                0.7509699320830787,
                0.0023633850008874
            ],
            [
                0.0013386901012245,
                0.1000331868531015,
                0.4658068668801249,
                0.4328212561655489
            ]
        ],
        "final_answer": 4,
        "judge": "5",
        "text_id": "65c9fa09f174b28977037b88"
    },
    {
        "known_questions": [
            "Q2",
            "Q4",
            "Q3",
            "Q8",
            "Q0"
        ],
        "llm_answers": [
            [
                0.0371725380431803,
                0.2461482419555229,
                0.6876012173987519,
                0.0290780026025446
            ],
            [
                0.0145371048269982,
                0.3004027079907637,
                0.6849413159632847,
                0.0001188712189533
            ],
            [
                0.0272220103782022,
                0.4185916997219596,
                0.5528995011788862,
                0.0012867887209518
            ],
            [
                0.2753152460757149,
                0.1773978571274901,
                0.5472864776571907,
                0.0
            ],
            [
                0.0335287361652578,
                0.2969735171886843,
                0.4334823442910437,
                0.2360154023550141
            ]
        ],
        "final_answer": 2,
        "judge": "5",
        "text_id": "65c9c129f174b2897703782a"
    },
    {
        "known_questions": [
            "Q7",
            "Q6",
            "Q5"
        ],
        "llm_answers": [
            [
                0.0145955541425049,
                0.1724613186393677,
                0.6383220468109019,
                0.1746210804072253
            ],
            [
                0.0211065969706246,
                0.5441449939031776,
                0.424636582981855,
                0.0101118261443426
            ],
            [
                0.0834836189272695,
                0.2344273969594623,
                0.558175200281405,
                0.123913783831863
            ]
        ],
        "final_answer": 4,
        "judge": "5",
        "text_id": "65c9f34df174b28977037b34"
    },
    {
        "known_questions": [
            "Q7",
            "Q3",
            "Q2"
        ],
        "llm_answers": [
            [
                0.0177972566782031,
                0.2278758415939603,
                0.5762694383395552,
                0.1780574633882812
            ],
            [
                0.2962312327661678,
                0.5869009939546602,
                0.1165656392209998,
                0.0003021340581721
            ],
            [
                0.0116561618702236,
                0.1400103930722122,
                0.8401553507308103,
                0.0081780943267537
            ]
        ],
        "final_answer": 1,
        "judge": "5",
        "text_id": "65c9e4c9f174b289770379e2"
    },
    {
        "known_questions": [
            "Q8",
            "Q3",
            "Q5",
            "Q1"
        ],
        "llm_answers": [
            [
                0.3139046388565578,
                0.1644290124606418,
                0.5216660237481131,
                0.0
            ],
            [
                0.2388136062071441,
                0.6406605716813047,
                0.120387782962142,
                0.000138039149409
            ],
            [
                0.0662967916984819,
                0.2198019921399441,
                0.6641339130014247,
                0.0497673031601491
            ],
            [
                0.0022282036255108,
                0.1446363862293319,
                0.7836033660976349,
                0.0695320440475223
            ]
        ],
        "final_answer": 1,
        "judge": "5",
        "text_id": "65c9e716f174b28977037a23"
    },
    {
        "known_questions": [
            "Q6",
            "Q7",
            "Q1",
            "Q4",
            "Q5",
            "Q2",
            "Q8"
        ],
        "llm_answers": [
            [
                0.0052690414018209,
                0.6466122102051084,
                0.3481039523508453,
                1.4796042225361762e-05
            ],
            [
                0.042659803983385,
                0.418698344107659,
                0.507093892207098,
                0.031547959701858
            ],
            [
                0.0006265334005668,
                0.091042725460738,
                0.8542780676080409,
                0.0540526735306541
            ],
            [
                0.0225117562983374,
                0.2437777561798069,
                0.7334730057301854,
                0.0002374817916702
            ],
            [
                0.0445763686145327,
                0.1947067668255063,
                0.6963347566571534,
                0.0643821079028075
            ],
            [
                0.0032926841463177,
                0.0528505216204989,
                0.9331136008315216,
                0.0107431934016617
            ],
            [
                0.2025633470220635,
                0.2694169992590524,
                0.5280193403189811,
                0.0
            ]
        ],
        "final_answer": 2,
        "judge": "5",
        "text_id": "65c9f7cbf174b28977037b78"
    },
    {
        "known_questions": [
            "Q4",
            "Q1"
        ],
        "llm_answers": [
            [
                0.0007374511624851,
                0.0411811194968279,
                0.9569789397500664,
                0.0011024895906202
            ],
            [
                0.0023074274770634,
                0.1781942518310381,
                0.7725729652241297,
                0.0469253554677686
            ]
        ],
        "final_answer": 1,
        "judge": "5",
        "text_id": "65c9e4c9f174b289770379e2"
    },
    {
        "known_questions": [
            "Q8",
            "Q5",
            "Q3",
            "Q4",
            "Q1",
            "Q6",
            "Q0"
        ],
        "llm_answers": [
            [
                0.2977600652107512,
                0.1750561206423148,
                0.5271823542312389,
                0.0
            ],
            [
                0.0424313384249973,
                0.2077225101137858,
                0.5029035805838097,
                0.2469425708774071
            ],
            [
                0.0059177730030196,
                0.2949376553473933,
                0.6970932128632181,
                0.0020513587863688
            ],
            [
                0.0017073584240019,
                0.2000603747662094,
                0.7951620296946306,
                0.0030702371151579
            ],
            [
                0.0183504342404233,
                0.363782273354589,
                0.5743459634579277,
                0.04352132894706
            ],
            [
                0.0581916571874964,
                0.5610196867586089,
                0.3776917728204324,
                0.0030968832334622
            ],
            [
                0.0043757734996167,
                0.183447221357724,
                0.49495523992921,
                0.3172217652134491
            ]
        ],
        "final_answer": 3,
        "judge": "5",
        "text_id": "65c9f515f174b28977037b54"
    },
    {
        "known_questions": [
            "Q2",
            "Q4",
            "Q3",
            "Q8",
            "Q0"
        ],
        "llm_answers": [
            [
                0.0060556391196149,
                0.0825222310082127,
                0.8912680765859539,
                0.0201540532862184
            ],
            [
                0.002357225128556,
                0.1189355481576254,
                0.8734205890881737,
                0.0052866376256448
            ],
            [
                0.0052279689275558,
                0.1827130614877323,
                0.8092952864691729,
                0.0027636831155389
            ],
            [
                0.1948033992832765,
                0.3640600917278118,
                0.441135763219689,
                0.0
            ],
            [
                0.000903095337309,
                0.0690224799060472,
                0.395305141690469,
                0.5347692830661747
            ]
        ],
        "final_answer": 1,
        "judge": "5",
        "text_id": "65c9eeb1f174b28977037ae0"
    },
    {
        "known_questions": [
            "Q6",
            "Q7",
            "Q1",
            "Q4",
            "Q5",
            "Q2",
            "Q8"
        ],
        "llm_answers": [
            [
                0.0413369849377141,
                0.639801785547742,
                0.3165865355590361,
                0.0022746939555075
            ],
            [
                0.0647987744501012,
                0.3533326238174973,
                0.4696842640638923,
                0.112184337668509
            ],
            [
                0.0239523364276937,
                0.3786937471781095,
                0.4885159996180097,
                0.1088379167761869
            ],
            [
                0.0106789176727721,
                0.2829926673535062,
                0.7031764013731265,
                0.003152013600595
            ],
            [
                0.0648576262618278,
                0.2652205124280802,
                0.4996015408102608,
                0.1703203204998311
            ],
            [
                0.0164380920199215,
                0.2523511640741117,
                0.7231461067088211,
                0.0080646371971457
            ],
            [
                0.2790361481644036,
                0.3282967866923093,
                0.3926665728973346,
                0.0
            ]
        ],
        "final_answer": 3,
        "judge": "5",
        "text_id": "65c9bffaf174b28977037806"
    },
    {
        "known_questions": [
            "Q4",
            "Q3",
            "Q7",
            "Q2",
            "Q0"
        ],
        "llm_answers": [
            [
                0.0066492198892528,
                0.1723967036866285,
                0.8178346590731438,
                0.0031194173509747
            ],
            [
                0.0077864878435522,
                0.218429630123237,
                0.769092373386848,
                0.0046915086463627
            ],
            [
                0.087350110173542,
                0.4527675222639673,
                0.4293025297165853,
                0.0305798378459053
            ],
            [
                0.0098856350404766,
                0.1291361013482211,
                0.8119295922897218,
                0.0490486713215803
            ],
            [
                0.0449995450401139,
                0.2560235620493596,
                0.3303114111051564,
                0.3686654818053699
            ]
        ],
        "final_answer": 1,
        "judge": "5",
        "text_id": "65c9f5e2f174b28977037b60"
    },
    {
        "known_questions": [
            "Q1",
            "Q3",
            "Q2",
            "Q7",
            "Q0"
        ],
        "llm_answers": [
            [
                0.0006265334005668,
                0.091042725460738,
                0.8542780676080409,
                0.0540526735306541
            ],
            [
                0.0499620325725523,
                0.578194240489331,
                0.3715613413001095,
                0.000282385638007
            ],
            [
                0.0032926841463177,
                0.0528505216204989,
                0.9331136008315216,
                0.0107431934016617
            ],
            [
                0.042659803983385,
                0.418698344107659,
                0.507093892207098,
                0.031547959701858
            ],
            [
                0.0024018518872268,
                0.199507007192766,
                0.3285934786307279,
                0.4694976622892791
            ]
        ],
        "final_answer": 2,
        "judge": "5",
        "text_id": "65c9f7cbf174b28977037b78"
    },
    {
        "known_questions": [
            "Q7",
            "Q4",
            "Q3"
        ],
        "llm_answers": [
            [
                0.087350110173542,
                0.4527675222639673,
                0.4293025297165853,
                0.0305798378459053
            ],
            [
                0.0066492198892528,
                0.1723967036866285,
                0.8178346590731438,
                0.0031194173509747
            ],
            [
                0.0077864878435522,
                0.218429630123237,
                0.769092373386848,
                0.0046915086463627
            ]
        ],
        "final_answer": 1,
        "judge": "5",
        "text_id": "65c9f5e2f174b28977037b60"
    },
    {
        "known_questions": [
            "Q3",
            "Q8",
            "Q0"
        ],
        "llm_answers": [
            [
                0.0499620325725523,
                0.578194240489331,
                0.3715613413001095,
                0.000282385638007
            ],
            [
                0.2025633470220635,
                0.2694169992590524,
                0.5280193403189811,
                0.0
            ],
            [
                0.0024018518872268,
                0.199507007192766,
                0.3285934786307279,
                0.4694976622892791
            ]
        ],
        "final_answer": 2,
        "judge": "5",
        "text_id": "65c9f7cbf174b28977037b78"
    },
    {
        "known_questions": [
            "Q2",
            "Q4",
            "Q5",
            "Q6",
            "Q8",
            "Q3",
            "Q1"
        ],
        "llm_answers": [
            [
                0.0024098945952325,
                0.1100747862880797,
                0.8616899421949025,
                0.0258253769217852
            ],
            [
                0.0017073584240019,
                0.2000603747662094,
                0.7951620296946306,
                0.0030702371151579
            ],
            [
                0.0424313384249973,
                0.2077225101137858,
                0.5029035805838097,
                0.2469425708774071
            ],
            [
                0.0581916571874964,
                0.5610196867586089,
                0.3776917728204324,
                0.0030968832334622
            ],
            [
                0.2977600652107512,
                0.1750561206423148,
                0.5271823542312389,
                0.0
            ],
            [
                0.0059177730030196,
                0.2949376553473933,
                0.6970932128632181,
                0.0020513587863688
            ],
            [
                0.0183504342404233,
                0.363782273354589,
                0.5743459634579277,
                0.04352132894706
            ]
        ],
        "final_answer": 3,
        "judge": "5",
        "text_id": "65c9f515f174b28977037b54"
    },
    {
        "known_questions": [
            "Q5",
            "Q1"
        ],
        "llm_answers": [
            [
                0.0346300087714103,
                0.0898073132860957,
                0.6672083538360608,
                0.208354324106433
            ],
            [
                0.0005433594742522,
                0.0517625977402324,
                0.8641600175159778,
                0.0835340252695374
            ]
        ],
        "final_answer": 3,
        "judge": "5",
        "text_id": "65c9e579f174b289770379f3"
    },
    {
        "known_questions": [
            "Q7",
            "Q6",
            "Q4",
            "Q8",
            "Q1",
            "Q5",
            "Q3"
        ],
        "llm_answers": [
            [
                0.0667597679958495,
                0.5146699150851385,
                0.4099520180036951,
                0.0086182989153168
            ],
            [
                0.0430974318993361,
                0.6339357829801164,
                0.3227315007924453,
                0.0002352843281021
            ],
            [
                0.0145371048269982,
                0.3004027079907637,
                0.6849413159632847,
                0.0001188712189533
            ],
            [
                0.2753152460757149,
                0.1773978571274901,
                0.5472864776571907,
                0.0
            ],
            [
                0.0858787129168541,
                0.4278631305068301,
                0.4462066501718176,
                0.040051506404498
            ],
            [
                0.0433420531935016,
                0.2833083751091615,
                0.6200027410552826,
                0.053346830642054
            ],
            [
                0.0272220103782022,
                0.4185916997219596,
                0.5528995011788862,
                0.0012867887209518
            ]
        ],
        "final_answer": 2,
        "judge": "5",
        "text_id": "65c9c129f174b2897703782a"
    },
    {
        "known_questions": [
            "Q1",
            "Q3",
            "Q4",
            "Q0"
        ],
        "llm_answers": [
            [
                0.0129987291487184,
                0.2987609618304409,
                0.6289917715963382,
                0.0592485374245024
            ],
            [
                0.019065513042646,
                0.4197353833729389,
                0.5599597483115896,
                0.0012393552728254
            ],
            [
                0.0108501409331697,
                0.2534246573356429,
                0.7348515228912352,
                0.000873678839952
            ],
            [
                0.0024621147389687,
                0.1243981278362675,
                0.4814114600055004,
                0.3917282974192632
            ]
        ],
        "final_answer": 2,
        "judge": "5",
        "text_id": "65c9e3f6f174b289770379c7"
    },
    {
        "known_questions": [
            "Q8",
            "Q5",
            "Q0"
        ],
        "llm_answers": [
            [
                0.1233595997209721,
                0.401135415576768,
                0.4755049847022599,
                0.0
            ],
            [
                0.0346300087714103,
                0.0898073132860957,
                0.6672083538360608,
                0.208354324106433
            ],
            [
                0.0128118274902207,
                0.2676848797744304,
                0.4896011925470041,
                0.2299021001883447
            ]
        ],
        "final_answer": 3,
        "judge": "5",
        "text_id": "65c9e579f174b289770379f3"
    },
    {
        "known_questions": [
            "Q5",
            "Q4",
            "Q6",
            "Q7",
            "Q8",
            "Q1"
        ],
        "llm_answers": [
            [
                0.0834836189272695,
                0.2344273969594623,
                0.558175200281405,
                0.123913783831863
            ],
            [
                0.0018429534813404,
                0.0948431465062463,
                0.8932834713644996,
                0.0100304286479137
            ],
            [
                0.0211065969706246,
                0.5441449939031776,
                0.424636582981855,
                0.0101118261443426
            ],
            [
                0.0145955541425049,
                0.1724613186393677,
                0.6383220468109019,
                0.1746210804072253
            ],
            [
                0.2491063444660903,
                0.2587348239603488,
                0.492157876147814,
                0.0
            ],
            [
                0.0230940356593534,
                0.2900778071827433,
                0.5598225942880047,
                0.1270055628698985
            ]
        ],
        "final_answer": 4,
        "judge": "5",
        "text_id": "65c9f34df174b28977037b34"
    },
    {
        "known_questions": [
            "Q2",
            "Q6"
        ],
        "llm_answers": [
            [
                0.0304810928289026,
                0.1855743265752898,
                0.777820753863688,
                0.0061238267321195
            ],
            [
                0.009950739061499,
                0.5312503217840809,
                0.4587777215315263,
                2.1217622893603183e-05
            ]
        ],
        "final_answer": 3,
        "judge": "5",
        "text_id": "65c9e579f174b289770379f3"
    },
    {
        "known_questions": [
            "Q3",
            "Q8",
            "Q5"
        ],
        "llm_answers": [
            [
                0.011841246632136,
                0.2348254362838976,
                0.7509699320830787,
                0.0023633850008874
            ],
            [
                0.3226656351038485,
                0.2803651053962047,
                0.3969688053324528,
                0.0
            ],
            [
                0.057115440785514,
                0.2556243021109209,
                0.5648721015962292,
                0.1223881555073357
            ]
        ],
        "final_answer": 4,
        "judge": "5",
        "text_id": "65c9fa09f174b28977037b88"
    },
    {
        "known_questions": [
            "Q6",
            "Q1",
            "Q2",
            "Q4"
        ],
        "llm_answers": [
            [
                0.0581916571874964,
                0.5610196867586089,
                0.3776917728204324,
                0.0030968832334622
            ],
            [
                0.0183504342404233,
                0.363782273354589,
                0.5743459634579277,
                0.04352132894706
            ],
            [
                0.0024098945952325,
                0.1100747862880797,
                0.8616899421949025,
                0.0258253769217852
            ],
            [
                0.0017073584240019,
                0.2000603747662094,
                0.7951620296946306,
                0.0030702371151579
            ]
        ],
        "final_answer": 3,
        "judge": "5",
        "text_id": "65c9f515f174b28977037b54"
    },
    {
        "known_questions": [
            "Q4",
            "Q3",
            "Q8",
            "Q7"
        ],
        "llm_answers": [
            [
                0.0039938674600268,
                0.1391622404089806,
                0.8494207781014266,
                0.0074231140295659
            ],
            [
                0.004209830424429,
                0.1325350405772011,
                0.8588980304396723,
                0.0043570985586975
            ],
            [
                0.3381234790229236,
                0.3041795497767589,
                0.3576967467536968,
                0.0
            ],
            [
                0.0560682860435869,
                0.3411063622870428,
                0.5224885561605499,
