[
    {
        "known_questions": [
            "Q1",
            "Q3",
            "Q6",
            "Q2"
        ],
        "llm_answers": [
            [
                0.0020510024207681,
                0.1316871006993335,
                0.771815073611726,
                0.0944468232681724
            ],
            [
                0.0090655377363141,
                0.2805195340105096,
                0.7094880917838722,
                0.000926836469304
            ],
            [
                0.0201747916245695,
                0.5742116265294533,
                0.4034623543970661,
                0.0021512274489108
            ],
            [
                0.0052335110012977,
                0.1396021333938563,
                0.8333071755891007,
                0.0218571800157451
            ]
        ],
        "final_answer": 4,
        "judge": "3",
        "text_id": "65c7e116f174b28977037610"
    },
    {
        "known_questions": [
            "Q7",
            "Q6",
            "Q4",
            "Q8",
            "Q1",
            "Q5",
            "Q3"
        ],
        "llm_answers": [
            [
                0.0163558691895563,
                0.1687744663070639,
                0.6998336435768373,
                0.1150360209265424
            ],
            [
                0.0201747916245695,
                0.5742116265294533,
                0.4034623543970661,
                0.0021512274489108
            ],
            [
                0.0043682525509685,
                0.1393194162112133,
                0.8360312771271381,
                0.02028105411068
            ],
            [
                0.3036652142615657,
                0.2804895096995007,
                0.4158440855626031,
                0.0
            ],
            [
                0.0020510024207681,
                0.1316871006993335,
                0.771815073611726,
                0.0944468232681724
            ],
            [
                0.0777761867611794,
                0.3398083225964811,
                0.5130047998553969,
                0.0694106907869426
            ],
            [
                0.0090655377363141,
                0.2805195340105096,
                0.7094880917838722,
                0.000926836469304
            ]
        ],
        "final_answer": 4,
        "judge": "3",
        "text_id": "65c7e116f174b28977037610"
    },
    {
        "known_questions": [
            "Q8",
            "Q1",
            "Q4"
        ],
        "llm_answers": [
            [
                0.3644831000826736,
                0.259254106191542,
                0.3762625555418655,
                0.0
            ],
            [
                0.0146769040873259,
                0.1967628915637462,
                0.6761935405881264,
                0.1123666637608012
            ],
            [
                0.0064641593557777,
                0.1701251893076243,
                0.8206566756448903,
                0.0027539756917076
            ]
        ],
        "final_answer": 3,
        "judge": "3",
        "text_id": "65c71946f174b2897703750e"
    },
    {
        "known_questions": [
            "Q7",
            "Q0"
        ],
        "llm_answers": [
            [
                0.0414684636457819,
                0.4300459339866683,
                0.5001062251747059,
                0.0283793771928437
            ],
            [
                0.0118702366149934,
                0.1384561878387496,
                0.390499520860502,
                0.4591740546857548
            ]
        ],
        "final_answer": 2,
        "judge": "3",
        "text_id": "65c7e363f174b2897703761b"
    },
    {
        "known_questions": [
            "Q8"
        ],
        "llm_answers": [
            [
                0.5147685472598053,
                0.1610453942080779,
                0.3241852387141413,
                0.0
            ]
        ],
        "final_answer": 1,
        "judge": "3",
        "text_id": "65c72a1af174b2897703755b"
    },
    {
        "known_questions": [
            "Q5",
            "Q4",
            "Q7",
            "Q3",
            "Q2"
        ],
        "llm_answers": [
            [
                0.0504077745462524,
                0.1728849976617606,
                0.7015684841294056,
                0.0751387436625813
            ],
            [
                0.0012864860846159,
                0.0459541259168554,
                0.952487378709869,
                0.0002720092886596
            ],
            [
                0.0504625869817677,
                0.347823793098333,
                0.5262707477479778,
                0.0754428721719215
            ],
            [
                0.110531895547459,
                0.704181613630498,
                0.1848866115803432,
                0.0003998792416997
            ],
            [
                0.0031088877119952,
                0.0662174824445309,
                0.9202461635633008,
                0.0104274662801727
            ]
        ],
        "final_answer": 1,
        "judge": "3",
        "text_id": "65c7dcdaf174b28977037605"
    },
    {
        "known_questions": [
            "Q2",
            "Q8",
            "Q5"
        ],
        "llm_answers": [
            [
                0.0037944224976232,
                0.0965335508120865,
                0.8780603830963171,
                0.0216116435939731
            ],
            [
                0.2990595633533321,
                0.1891841278213132,
                0.5117557508482558,
                0.0
            ],
            [
                0.0582408870002551,
                0.3229437417355583,
                0.5625641285318808,
                0.0562512427323058
            ]
        ],
        "final_answer": 2,
        "judge": "3",
        "text_id": "65c7da9bf174b289770375fc"
    },
    {
        "known_questions": [
            "Q3",
            "Q6",
            "Q0"
        ],
        "llm_answers": [
            [
                0.0028018781637947,
                0.1983600998696345,
                0.7968474339812633,
                0.0019905879853074
            ],
            [
                0.0475819315664099,
                0.6576041603145086,
                0.294309784164624,
                0.0005041239544573
            ],
            [
                0.0031268583155807,
                0.0987887633917665,
                0.3424073353705519,
                0.555677042922101
            ]
        ],
        "final_answer": 2,
        "judge": "3",
        "text_id": "65c7da9bf174b289770375fc"
    },
    {
        "known_questions": [
            "Q6",
            "Q3",
            "Q8",
            "Q5"
        ],
        "llm_answers": [
            [
                0.0475819315664099,
                0.6576041603145086,
                0.294309784164624,
                0.0005041239544573
            ],
            [
                0.0028018781637947,
                0.1983600998696345,
                0.7968474339812633,
                0.0019905879853074
            ],
            [
                0.2990595633533321,
                0.1891841278213132,
                0.5117557508482558,
                0.0
            ],
            [
                0.0582408870002551,
                0.3229437417355583,
                0.5625641285318808,
                0.0562512427323058
            ]
        ],
        "final_answer": 2,
        "judge": "3",
        "text_id": "65c7da9bf174b289770375fc"
    },
    {
        "known_questions": [
            "Q6",
            "Q7",
            "Q3",
            "Q8"
        ],
        "llm_answers": [
            [
                0.0098357648576201,
                0.7401104396011273,
                0.2498827025021689,
                0.0001710930390836
            ],
            [
                0.0379601998256161,
                0.2778532336682235,
                0.5642188667515716,
                0.1199676997545887
            ],
            [
                0.0077701699346769,
                0.275990331623848,
                0.7148329755353003,
                0.0014065229061746
            ],
            [
                0.3103134010072964,
                0.2905948002382201,
                0.3990914975559232,
                0.0
            ]
        ],
        "final_answer": 3,
        "judge": "3",
        "text_id": "65c68f93f174b289770374c1"
    },
    {
        "known_questions": [
            "Q1",
            "Q7",
            "Q5",
            "Q6"
        ],
        "llm_answers": [
            [
                0.00015016582721,
                0.0503248312952955,
                0.831724219740652,
                0.1178007831368425
            ],
            [
                0.0504625869817677,
                0.347823793098333,
                0.5262707477479778,
                0.0754428721719215
            ],
            [
                0.0504077745462524,
                0.1728849976617606,
                0.7015684841294056,
                0.0751387436625813
            ],
            [
                0.0032773856494465,
                0.3537320998267797,
                0.6428135456212003,
                0.0001769689025734
            ]
        ],
        "final_answer": 1,
        "judge": "3",
        "text_id": "65c7dcdaf174b28977037605"
    },
    {
        "known_questions": [
            "Q4",
            "Q7",
            "Q6",
            "Q5",
            "Q8",
            "Q3",
            "Q2",
            "Q0"
        ],
        "llm_answers": [
            [
                0.0036135303946353,
                0.1322693062561233,
                0.860158275090467,
                0.0039588882587742
            ],
            [
                0.0513395575132449,
                0.453870246555171,
                0.4375204977295114,
                0.0572696982020726
            ],
            [
                0.0439224449669761,
                0.6219063286041315,
                0.3340005248220037,
                0.0001707016068886
            ],
            [
                0.0486940617851344,
                0.2762661155759895,
                0.5694186670675503,
                0.1056211555713256
            ],
            [
                0.1742281742164815,
                0.4237220662733488,
                0.4020490741718976,
                0.0
            ],
            [
                0.0032430749605753,
                0.1505383910414929,
                0.8431567481944859,
                0.0030617858034456
            ],
            [
                0.003621311260924,
                0.0701509877523125,
                0.888356210958124,
                0.0378714900286394
            ],
            [
                0.0040317209839794,
                0.1091509326881951,
                0.3406430067837949,
                0.5461743395440307
            ]
        ],
        "final_answer": 1,
        "judge": "3",
        "text_id": "65c7387ef174b28977037588"
    },
    {
        "known_questions": [
            "Q4",
            "Q5"
        ],
        "llm_answers": [
            [
                0.0030390332616761,
                0.1073075229786455,
                0.8854232053258034,
                0.0042302384338748
            ],
            [
                0.0508002148892616,
                0.2441270007302959,
                0.5773464471613825,
                0.1277263372190599
            ]
        ],
        "final_answer": 4,
        "judge": "3",
        "text_id": "65c73027f174b28977037564"
    },
    {
        "known_questions": [
            "Q4",
            "Q2",
            "Q3"
        ],
        "llm_answers": [
            [
                0.0023928701167331,
                0.0778773249158724,
                0.9193626434657984,
                0.0003671615015959
            ],
            [
                0.0045231128483216,
                0.0903528662211696,
                0.8712520979663528,
                0.0338719229641559
            ],
            [
                0.1507667129127449,
                0.5819399097536502,
                0.2671693947657959,
                0.000123982567809
            ]
        ],
        "final_answer": 2,
        "judge": "3",
        "text_id": "65c71597f174b289770374ff"
    },
    {
        "known_questions": [
            "Q3",
            "Q7",
            "Q5",
            "Q2",
            "Q8",
            "Q0"
        ],
        "llm_answers": [
            [
                0.0028018781637947,
                0.1983600998696345,
                0.7968474339812633,
                0.0019905879853074
            ],
            [
                0.0326036558511226,
                0.3483116847504208,
                0.5457234931992491,
                0.0733611661992074
            ],
            [
                0.0582408870002551,
                0.3229437417355583,
                0.5625641285318808,
                0.0562512427323058
            ],
            [
                0.0037944224976232,
                0.0965335508120865,
                0.8780603830963171,
                0.0216116435939731
            ],
            [
                0.2990595633533321,
                0.1891841278213132,
                0.5117557508482558,
                0.0
            ],
            [
                0.0031268583155807,
                0.0987887633917665,
                0.3424073353705519,
                0.555677042922101
            ]
        ],
        "final_answer": 2,
        "judge": "3",
        "text_id": "65c7da9bf174b289770375fc"
    },
    {
        "known_questions": [
            "Q7",
            "Q1",
            "Q0"
        ],
        "llm_answers": [
            [
                0.0319807506430305,
                0.2322985457180097,
                0.5794680800577624,
                0.1562526235811973
            ],
            [
                8.458826399802377e-05,
                0.0210567980256579,
                0.842223488318358,
                0.1366351253919861
            ],
            [
                0.0009693705943646,
                0.0618618275483726,
                0.2756414921132008,
                0.6615273097440618
            ]
        ],
        "final_answer": 3,
        "judge": "3",
        "text_id": "65c72472f174b28977037529"
    },
    {
        "known_questions": [
            "Q5",
            "Q4",
            "Q7",
            "Q3",
            "Q2"
        ],
        "llm_answers": [
            [
                0.0582408870002551,
                0.3229437417355583,
                0.5625641285318808,
                0.0562512427323058
            ],
            [
                0.0026051364475695,
                0.1802168148436715,
                0.8158056176634341,
                0.0013724310453248
            ],
            [
                0.0326036558511226,
                0.3483116847504208,
                0.5457234931992491,
                0.0733611661992074
            ],
            [
                0.0028018781637947,
                0.1983600998696345,
                0.7968474339812633,
                0.0019905879853074
            ],
            [
                0.0037944224976232,
                0.0965335508120865,
                0.8780603830963171,
                0.0216116435939731
            ]
        ],
        "final_answer": 2,
        "judge": "3",
        "text_id": "65c7da9bf174b289770375fc"
    },
    {
        "known_questions": [
            "Q4",
            "Q7",
            "Q6",
            "Q3",
            "Q0"
        ],
        "llm_answers": [
            [
                0.0023928701167331,
                0.0778773249158724,
                0.9193626434657984,
                0.0003671615015959
            ],
            [
                0.0747694089448677,
                0.3674409149216007,
                0.4873375138729829,
                0.0704521622605485
            ],
            [
                0.0091898322674766,
                0.4784981212563484,
                0.5121564703819977,
                0.0001555760941773
            ],
            [
                0.1507667129127449,
                0.5819399097536502,
                0.2671693947657959,
                0.000123982567809
            ],
            [
                0.0003066908736785,
                0.0178178619624846,
                0.310048768600311,
                0.6718266785635257
            ]
        ],
        "final_answer": 2,
        "judge": "3",
        "text_id": "65c71597f174b289770374ff"
    },
    {
        "known_questions": [
            "Q8",
            "Q6",
            "Q2"
        ],
        "llm_answers": [
            [
                0.3036652142615657,
                0.2804895096995007,
                0.4158440855626031,
                0.0
            ],
            [
                0.0201747916245695,
                0.5742116265294533,
                0.4034623543970661,
                0.0021512274489108
            ],
            [
                0.0052335110012977,
                0.1396021333938563,
                0.8333071755891007,
                0.0218571800157451
            ]
        ],
        "final_answer": 4,
        "judge": "3",
        "text_id": "65c7e116f174b28977037610"
    },
    {
        "known_questions": [
            "Q8",
            "Q5"
        ],
        "llm_answers": [
            [
                0.3490860625839123,
                0.2347679523418074,
                0.4161454711772848,
                0.0
            ],
            [
                0.0757017425344273,
                0.2220533524005784,
                0.5582878999897039,
                0.1439570050752903
            ]
        ],
        "final_answer": 4,
        "judge": "3",
        "text_id": "65c74569f174b28977037599"
    },
    {
        "known_questions": [
            "Q3",
            "Q4",
            "Q6",
            "Q2"
        ],
        "llm_answers": [
            [
                0.0032430749605753,
                0.1505383910414929,
                0.8431567481944859,
                0.0030617858034456
            ],
            [
                0.0036135303946353,
                0.1322693062561233,
                0.860158275090467,
                0.0039588882587742
            ],
            [
                0.0439224449669761,
                0.6219063286041315,
                0.3340005248220037,
                0.0001707016068886
            ],
            [
                0.003621311260924,
                0.0701509877523125,
                0.888356210958124,
                0.0378714900286394
            ]
        ],
        "final_answer": 1,
        "judge": "3",
        "text_id": "65c7387ef174b28977037588"
    },
    {
        "known_questions": [
            "Q2",
            "Q8",
            "Q5",
            "Q4"
        ],
        "llm_answers": [
            [
                0.0018570154734869,
                0.0426021582379376,
                0.922645660355368,
                0.0328951659332075
            ],
            [
                0.1475913567307256,
                0.5552283062190057,
                0.2971798323574273,
                0.0
            ],
            [
                0.0386242657806742,
                0.1367978688004005,
                0.4335031905292839,
                0.3910746748896413
            ],
            [
                0.0010901287751893,
                0.0592530722883195,
                0.9368288532799368,
                0.0028279456565542
            ]
        ],
        "final_answer": 2,
        "judge": "3",
        "text_id": "65c7e61df174b28977037629"
    },
    {
        "known_questions": [
            "Q5",
            "Q2",
            "Q1",
            "Q4",
            "Q3"
        ],
        "llm_answers": [
            [
                0.0508002148892616,
                0.2441270007302959,
                0.5773464471613825,
                0.1277263372190599
            ],
            [
                0.004390310094018,
                0.085134312892697,
                0.8916203764413614,
                0.0188550005719233
            ],
            [
                0.0051268954962,
                0.1690730904949489,
                0.6882887120816629,
                0.137511301927188
            ],
            [
                0.0030390332616761,
                0.1073075229786455,
                0.8854232053258034,
                0.0042302384338748
            ],
            [
                0.0161792098997125,
                0.3843048579509573,
                0.5980030047054377,
                0.0015129274438924
            ]
        ],
        "final_answer": 4,
        "judge": "3",
        "text_id": "65c73027f174b28977037564"
    },
    {
        "known_questions": [
            "Q4",
            "Q1"
        ],
        "llm_answers": [
            [
                0.0059702939940489,
                0.1559363126153866,
                0.8363836685058718,
                0.0017097248846926
            ],
            [
                0.0031341501954291,
                0.1245344478635398,
                0.756494942112234,
                0.115836459828797
            ]
        ],
        "final_answer": 4,
        "judge": "3",
        "text_id": "65c72722f174b28977037547"
    },
    {
        "known_questions": [
            "Q1",
            "Q3",
            "Q4",
            "Q2",
            "Q0"
        ],
        "llm_answers": [
            [
                0.0140088434592267,
                0.2910693066077661,
                0.6222597224854961,
                0.0726621274475111
            ],
            [
                0.0078769637902194,
                0.2506644078014433,
                0.7388982488209809,
                0.0025603795873563
            ],
            [
                0.0033727152278822,
                0.1419801452384527,
                0.8503127862009793,
                0.0043343533326857
            ],
            [
                0.0050746118639752,
                0.1118372335054803,
                0.8696350683629749,
                0.0134530862675694
            ],
            [
                0.0062853379452058,
                0.1296022844532508,
                0.3576604993856371,
                0.5064518782159061
            ]
        ],
        "final_answer": 4,
        "judge": "3",
        "text_id": "65c74569f174b28977037599"
    },
    {
        "known_questions": [
            "Q2",
            "Q5",
            "Q0"
        ],
        "llm_answers": [
            [
                0.0026552489199443,
                0.0379709124761366,
                0.9556529254655844,
                0.0037209131383345
            ],
            [
                0.0228750699613581,
                0.0396541524247398,
                0.6980088903531831,
                0.2394618872607188
            ],
            [
                0.0012665245294406,
                0.077561592152032,
                0.3804093684152406,
                0.5407625149032866
            ]
        ],
        "final_answer": 1,
        "judge": "3",
        "text_id": "65c61587f174b2897703746f"
    },
    {
        "known_questions": [
            "Q6",
            "Q8",
            "Q4",
            "Q7",
            "Q3",
            "Q5",
            "Q2"
        ],
        "llm_answers": [
            [
                0.0282089211932481,
                0.5126747775725352,
                0.4570926393539108,
                0.0020236618803058
            ],
            [
                0.3490860625839123,
                0.2347679523418074,
                0.4161454711772848,
                0.0
            ],
            [
                0.0033727152278822,
                0.1419801452384527,
                0.8503127862009793,
                0.0043343533326857
            ],
            [
                0.0382986850522016,
                0.2262821705518845,
                0.5026392232518254,
                0.2327799211440884
            ],
            [
                0.0078769637902194,
                0.2506644078014433,
                0.7388982488209809,
                0.0025603795873563
            ],
            [
                0.0757017425344273,
                0.2220533524005784,
                0.5582878999897039,
                0.1439570050752903
            ],
            [
                0.0050746118639752,
                0.1118372335054803,
                0.8696350683629749,
                0.0134530862675694
            ]
        ],
        "final_answer": 4,
        "judge": "3",
        "text_id": "65c74569f174b28977037599"
    },
    {
        "known_questions": [
            "Q8",
            "Q0"
        ],
        "llm_answers": [
            [
                0.2580102944135741,
                0.1926964176503246,
                0.5492929385768232,
                0.0
            ],
            [
                0.0003066908736785,
                0.0178178619624846,
                0.310048768600311,
                0.6718266785635257
            ]
        ],
        "final_answer": 2,
        "judge": "3",
        "text_id": "65c71597f174b289770374ff"
    },
    {
        "known_questions": [
            "Q2",
            "Q4",
            "Q5",
            "Q6",
            "Q8",
            "Q3",
            "Q1"
        ],
        "llm_answers": [
            [
                0.004390310094018,
                0.085134312892697,
                0.8916203764413614,
                0.0188550005719233
            ],
            [
                0.0030390332616761,
                0.1073075229786455,
                0.8854232053258034,
                0.0042302384338748
            ],
            [
                0.0508002148892616,
                0.2441270007302959,
                0.5773464471613825,
                0.1277263372190599
            ],
            [
                0.0400826757243496,
                0.5737979404005735,
                0.3845513823192913,
                0.0015680015557854
            ],
            [
                0.2341045975565808,
                0.3861985878987551,
                0.3796958599070835,
                0.0
            ],
            [
                0.0161792098997125,
                0.3843048579509573,
                0.5980030047054377,
                0.0015129274438924
            ],
            [
                0.0051268954962,
                0.1690730904949489,
                0.6882887120816629,
                0.137511301927188
            ]
        ],
        "final_answer": 4,
        "judge": "3",
        "text_id": "65c73027f174b28977037564"
    },
    {
        "known_questions": [
            "Q1",
            "Q3",
            "Q4",
            "Q0"
        ],
        "llm_answers": [
            [
                0.0031341501954291,
                0.1245344478635398,
                0.756494942112234,
                0.115836459828797
            ],
            [
                0.3662895045910983,
                0.5149053291536178,
                0.1183854133590393,
                0.0004197528962446
            ],
            [
                0.0059702939940489,
                0.1559363126153866,
                0.8363836685058718,
                0.0017097248846926
            ],
            [
                0.0048731925079703,
                0.1276181328899843,
                0.4323404549830856,
                0.4351682196189597
            ]
        ],
        "final_answer": 4,
        "judge": "3",
        "text_id": "65c72722f174b28977037547"
    },
    {
        "known_questions": [
            "Q6",
            "Q0"
        ],
        "llm_answers": [
            [
                0.0098357648576201,
                0.7401104396011273,
                0.2498827025021689,
                0.0001710930390836
            ],
            [
                0.0114148113056021,
                0.2562666872878079,
                0.4300213890621358,
                0.3022971123444541
            ]
        ],
        "final_answer": 3,
        "judge": "3",
        "text_id": "65c68f93f174b289770374c1"
    },
    {
        "known_questions": [
            "Q4",
            "Q2",
            "Q1",
            "Q7",
            "Q5",
            "Q3"
        ],
        "llm_answers": [
            [
                0.0010901287751893,
                0.0592530722883195,
                0.9368288532799368,
                0.0028279456565542
            ],
            [
                0.0018570154734869,
                0.0426021582379376,
                0.922645660355368,
                0.0328951659332075
            ],
            [
                0.0002106004271447,
                0.0631396695143376,
                0.842422844617165,
                0.0942268854413525
            ],
            [
                0.0175339199221945,
                0.1852573215911434,
                0.6322475599017942,
                0.1649611985848679
            ],
            [
                0.0386242657806742,
                0.1367978688004005,
                0.4335031905292839,
                0.3910746748896413
            ],
            [
                0.0045959944027614,
                0.1938144662911071,
                0.7991878241220598,
                0.0024017151840714
            ]
        ],
        "final_answer": 2,
        "judge": "3",
        "text_id": "65c7e61df174b28977037629"
    },
    {
        "known_questions": [
            "Q1",
            "Q4",
            "Q2",
            "Q3",
            "Q6",
            "Q8",
            "Q7"
        ],
        "llm_answers": [
            [
                0.0051268954962,
                0.1690730904949489,
                0.6882887120816629,
                0.137511301927188
            ],
            [
                0.0030390332616761,
                0.1073075229786455,
                0.8854232053258034,
                0.0042302384338748
            ],
            [
                0.004390310094018,
                0.085134312892697,
                0.8916203764413614,
                0.0188550005719233
            ],
            [
                0.0161792098997125,
                0.3843048579509573,
                0.5980030047054377,
                0.0015129274438924
            ],
            [
                0.0400826757243496,
                0.5737979404005735,
                0.3845513823192913,
                0.0015680015557854
            ],
            [
                0.2341045975565808,
                0.3861985878987551,
                0.3796958599070835,
                0.0
            ],
            [
                0.0309317179264524,
                0.1126944672994299,
                0.6306319788169708,
                0.225741835957147
            ]
        ],
        "final_answer": 4,
        "judge": "3",
        "text_id": "65c73027f174b28977037564"
    },
    {
        "known_questions": [
            "Q3",
            "Q1",
            "Q5",
            "Q4"
        ],
        "llm_answers": [
            [
                0.0052169564747905,
                0.2547198416640361,
                0.7362245233062676,
                0.0038386785549056
            ],
            [
                0.0314005874207367,
                0.3484253140705846,
                0.566550941935155,
                0.0536231565735237
            ],
            [
                0.0738299861424709,
                0.3038253608285856,
                0.4845004525450805,
                0.1378442004838629
            ],
            [
                0.0057978886929612,
                0.262311815819805,
                0.7305051366280594,
                0.0013851588591742
            ]
        ],
        "final_answer": 1,
        "judge": "3",
        "text_id": "65c71e43f174b2897703751e"
    },
    {
        "known_questions": [
            "Q6",
            "Q3",
            "Q2",
            "Q7"
        ],
        "llm_answers": [
            [
                0.0475819315664099,
                0.6576041603145086,
                0.294309784164624,
                0.0005041239544573
            ],
            [
                0.0028018781637947,
                0.1983600998696345,
                0.7968474339812633,
                0.0019905879853074
            ],
            [
                0.0037944224976232,
                0.0965335508120865,
                0.8780603830963171,
                0.0216116435939731
            ],
            [
                0.0326036558511226,
                0.3483116847504208,
                0.5457234931992491,
                0.0733611661992074
            ]
        ],
        "final_answer": 2,
        "judge": "3",
        "text_id": "65c7da9bf174b289770375fc"
    },
    {
        "known_questions": [
            "Q5",
            "Q4",
            "Q3",
            "Q7"
        ],
        "llm_answers": [
            [
                0.0582408870002551,
                0.3229437417355583,
                0.5625641285318808,
                0.0562512427323058
            ],
            [
                0.0026051364475695,
                0.1802168148436715,
                0.8158056176634341,
                0.0013724310453248
            ],
            [
                0.0028018781637947,
                0.1983600998696345,
                0.7968474339812633,
                0.0019905879853074
            ],
            [
                0.0326036558511226,
                0.3483116847504208,
                0.5457234931992491,
                0.0733611661992074
            ]
        ],
        "final_answer": 2,
        "judge": "3",
        "text_id": "65c7da9bf174b289770375fc"
    },
    {
        "known_questions": [
            "Q2",
            "Q4",
            "Q5",
            "Q3",
            "Q7",
            "Q6",
            "Q1"
        ],
        "llm_answers": [
            [
                0.0021672645017221,
                0.0985253991220565,
                0.8955475814576541,
                0.0037597549185671
            ],
            [
                0.0007419087291246,
                0.1039681549708686,
                0.892806917817671,
                0.0024830184823356
            ],
            [
                0.1000952131545685,
                0.273400011005499,
                0.5618209835510256,
                0.0646837922889067
            ],
            [
                0.0006978857941985,
                0.0626990810835381,
                0.9337830229510224,
                0.0028200101712409
            ],
            [
                0.0414684636457819,
                0.4300459339866683,
                0.5001062251747059,
                0.0283793771928437
            ],
            [
                0.0541707427983309,
                0.7057887007199735,
                0.2393620027683974,
                0.0006785537132981
            ],
            [
                0.0087850168430339,
                0.2641288200543397,
                0.6393347348245806,
                0.0877514282780456
            ]
        ],
        "final_answer": 2,
        "judge": "3",
        "text_id": "65c7e363f174b2897703761b"
    },
    {
        "known_questions": [
            "Q4",
            "Q5"
        ],
        "llm_answers": [
            [
                0.0017409852292374,
                0.0428577750509942,
                0.9545888590335708,
                0.0008123806861977
            ],
            [
                0.0228750699613581,
                0.0396541524247398,
                0.6980088903531831,
                0.2394618872607188
            ]
        ],
        "final_answer": 1,
        "judge": "3",
        "text_id": "65c61587f174b2897703746f"
    },
    {
        "known_questions": [
            "Q5",
            "Q2",
            "Q1",
            "Q4",
            "Q3"
        ],
        "llm_answers": [
            [
                0.1000952131545685,
                0.273400011005499,
                0.5618209835510256,
                0.0646837922889067
            ],
            [
                0.0021672645017221,
                0.0985253991220565,
                0.8955475814576541,
                0.0037597549185671
            ],
            [
                0.0087850168430339,
                0.2641288200543397,
                0.6393347348245806,
                0.0877514282780456
            ],
            [
                0.0007419087291246,
                0.1039681549708686,
                0.892806917817671,
                0.0024830184823356
            ],
            [
                0.0006978857941985,
                0.0626990810835381,
                0.9337830229510224,
                0.0028200101712409
            ]
        ],
        "final_answer": 2,
        "judge": "3",
        "text_id": "65c7e363f174b2897703761b"
    },
    {
        "known_questions": [
            "Q8",
            "Q1",
            "Q4"
        ],
        "llm_answers": [
            [
                0.2498007378707481,
                0.2554817942014111,
                0.4947172818051266,
                0.0
            ],
            [
                0.00015016582721,
                0.0503248312952955,
                0.831724219740652,
                0.1178007831368425
            ],
            [
                0.0012864860846159,
                0.0459541259168554,
                0.952487378709869,
                0.0002720092886596
            ]
        ],
        "final_answer": 1,
        "judge": "3",
        "text_id": "65c7dcdaf174b28977037605"
    },
    {
        "known_questions": [
            "Q4",
            "Q5",
            "Q3",
            "Q0"
        ],
        "llm_answers": [
            [
                0.0033727152278822,
                0.1419801452384527,
                0.8503127862009793,
                0.0043343533326857
            ],
            [
                0.0757017425344273,
                0.2220533524005784,
                0.5582878999897039,
                0.1439570050752903
            ],
            [
                0.0078769637902194,
                0.2506644078014433,
                0.7388982488209809,
                0.0025603795873563
            ],
            [
                0.0062853379452058,
                0.1296022844532508,
                0.3576604993856371,
                0.5064518782159061
            ]
        ],
        "final_answer": 4,
        "judge": "3",
        "text_id": "65c74569f174b28977037599"
    },
    {
        "known_questions": [
            "Q1",
            "Q7"
        ],
        "llm_answers": [
            [
                0.0235086312567237,
                0.3103537702717218,
                0.6290399330408727,
                0.0370976654306817
            ],
            [
                0.0326036558511226,
                0.3483116847504208,
                0.5457234931992491,
                0.0733611661992074
            ]
        ],
        "final_answer": 2,
        "judge": "3",
        "text_id": "65c7da9bf174b289770375fc"
    },
    {
        "known_questions": [
            "Q1",
            "Q0"
        ],
        "llm_answers": [
            [
                0.0051268954962,
                0.1690730904949489,
                0.6882887120816629,
                0.137511301927188
            ],
            [
                0.0026972688254994,
                0.0590971449792186,
