[
    {
        "known_questions": [
            "Q1"
        ],
        "llm_answers": [
            [
                0.0013415451779556,
                0.1467317760733691,
                0.8028472948132791,
                0.049079383935396
            ]
        ],
        "final_answer": 1,
        "judge": "11",
        "text_id": "65c9e6b5f174b28977037a16"
    },
    {
        "known_questions": [
            "Q5",
            "Q4",
            "Q6",
            "Q7",
            "Q8",
            "Q1"
        ],
        "llm_answers": [
            [
                0.0569516549716667,
                0.2374824080951322,
                0.560493838480171,
                0.1450720984530301
            ],
            [
                0.0037932143805453,
                0.1671858355009213,
                0.8253792116052812,
                0.0036417385132521
            ],
            [
                0.0360504719999555,
                0.6482884372768634,
                0.3151284257621664,
                0.0005326649610145
            ],
            [
                0.0245138924627059,
                0.1788467682872728,
                0.6118825890433509,
                0.1847567502066703
            ],
            [
                0.3175992519177202,
                0.1905307452527731,
                0.4918688785434105,
                0.0
            ],
            [
                0.0137598359066327,
                0.2733305331717258,
                0.6035946763622184,
                0.109314954559423
            ]
        ],
        "final_answer": 4,
        "judge": "11",
        "text_id": "65c5efbaf174b289770373e9"
    },
    {
        "known_questions": [
            "Q3",
            "Q7",
            "Q8",
            "Q6",
            "Q1",
            "Q4"
        ],
        "llm_answers": [
            [
                0.0050074793826643,
                0.1951724001402894,
                0.7960304439315421,
                0.0037896765455042
            ],
            [
                0.0706061317421843,
                0.3353890470918075,
                0.5365249803055328,
                0.0574798408604752
            ],
            [
                0.3668895788437823,
                0.2524046686936667,
                0.380705202038003,
                0.0
            ],
            [
                0.0230679659389504,
                0.7570481662363064,
                0.2192040868310583,
                0.0006797809936847
            ],
            [
                0.010955115586046,
                0.2920529799447331,
                0.6269498441030812,
                0.0700420603661395
            ],
            [
                0.0045617952927402,
                0.1347118496999228,
                0.8569248803826184,
                0.0038014746247184
            ]
        ],
        "final_answer": 1,
        "judge": "11",
        "text_id": "65c60f9af174b2897703745a"
    },
    {
        "known_questions": [
            "Q8",
            "Q5",
            "Q0"
        ],
        "llm_answers": [
            [
                0.3668895788437823,
                0.2524046686936667,
                0.380705202038003,
                0.0
            ],
            [
                0.0652731109565857,
                0.2227866694603463,
                0.5602928673290769,
                0.1516473522539909
            ],
            [
                0.0020196144003566,
                0.044329816186994,
                0.2468597847289879,
                0.7067907846836613
            ]
        ],
        "final_answer": 1,
        "judge": "11",
        "text_id": "65c60f9af174b2897703745a"
    },
    {
        "known_questions": [
            "Q7",
            "Q8",
            "Q1",
            "Q4",
            "Q6",
            "Q0"
        ],
        "llm_answers": [
            [
                0.0222031852730415,
                0.090257379334851,
                0.5920672339835581,
                0.2954722014085493
            ],
            [
                0.2468627063891935,
                0.4742519580380362,
                0.2788845055489533,
                0.0
            ],
            [
                0.0192246599545727,
                0.3448583757114242,
                0.5935025600778849,
                0.042414404256118
            ],
            [
                0.0066565434307258,
                0.1215199498292465,
                0.8556476995058565,
                0.016175807234171
            ],
            [
                0.0158293868049668,
                0.3932276227226007,
                0.5900243084892627,
                0.0009186819831697
            ],
            [
                0.0014239805994741,
                0.0366813293639192,
                0.2788441124501921,
                0.6830505775864146
            ]
        ],
        "final_answer": 2,
        "judge": "11",
        "text_id": "65c61b9bf174b28977037476"
    },
    {
        "known_questions": [
            "Q2",
            "Q8",
            "Q5"
        ],
        "llm_answers": [
            [
                0.0220096074825218,
                0.1922534900221018,
                0.765413386037206,
                0.0203235164581704
            ],
            [
                0.2468627063891935,
                0.4742519580380362,
                0.2788845055489533,
                0.0
            ],
            [
                0.0535995028113318,
                0.2747456311915783,
                0.6027920885270065,
                0.0688627774700834
            ]
        ],
        "final_answer": 2,
        "judge": "11",
        "text_id": "65c61b9bf174b28977037476"
    },
    {
        "known_questions": [
            "Q3",
            "Q4",
            "Q1",
            "Q2"
        ],
        "llm_answers": [
            [
                0.0071029584509308,
                0.2554014141256662,
                0.7356686403894065,
                0.0018269870339964
            ],
            [
                0.0011805752958472,
                0.0837182804879651,
                0.9122619407064444,
                0.0028392035097432
            ],
            [
                0.0013415451779556,
                0.1467317760733691,
                0.8028472948132791,
                0.049079383935396
            ],
            [
                0.0015471612813341,
                0.0406506497718294,
                0.9476383540601326,
                0.0101638348867037
            ]
        ],
        "final_answer": 1,
        "judge": "11",
        "text_id": "65c9e6b5f174b28977037a16"
    },
    {
        "known_questions": [
            "Q4",
            "Q3",
            "Q1"
        ],
        "llm_answers": [
            [
                0.0013217436203673,
                0.0312622653214843,
                0.96611214293145,
                0.0013038481266983
            ],
            [
                0.1811661227463759,
                0.5274501009755216,
                0.2911822662404998,
                0.0002015100376025
            ],
            [
                0.0001672464414711,
                0.021672289069838,
                0.867549397961885,
                0.1106110665268055
            ]
        ],
        "final_answer": 4,
        "judge": "11",
        "text_id": "65c9f916f174b28977037b80"
    },
    {
        "known_questions": [
            "Q3",
            "Q8",
            "Q5"
        ],
        "llm_answers": [
            [
                0.1905805870970612,
                0.6867116869570123,
                0.1222492061283113,
                0.0004585198176151
            ],
            [
                0.1922132744027885,
                0.4476873277960629,
                0.3600989157648989,
                0.0
            ],
            [
                0.0419943621950586,
                0.1060120827498744,
                0.6232547700113962,
                0.2287387850436708
            ]
        ],
        "final_answer": 3,
        "judge": "11",
        "text_id": "65c9b859f174b28977037761"
    },
    {
        "known_questions": [
            "Q7",
            "Q1",
            "Q0"
        ],
        "llm_answers": [
            [
                0.0341934666047035,
                0.2617183932711303,
                0.5711071760296925,
                0.1329809640944736
            ],
            [
                0.0001672464414711,
                0.021672289069838,
                0.867549397961885,
                0.1106110665268055
            ],
            [
                0.0015363367149425,
                0.0413189125507156,
                0.278870642167633,
                0.6782741085667088
            ]
        ],
        "final_answer": 4,
        "judge": "11",
        "text_id": "65c9f916f174b28977037b80"
    },
    {
        "known_questions": [
            "Q5",
            "Q1",
            "Q8"
        ],
        "llm_answers": [
            [
                0.0419943621950586,
                0.1060120827498744,
                0.6232547700113962,
                0.2287387850436708
            ],
            [
                3.8420983260900456e-05,
                0.0201110229547398,
                0.8282019457277902,
                0.1516486103342091
            ],
            [
                0.1922132744027885,
                0.4476873277960629,
                0.3600989157648989,
                0.0
            ]
        ],
        "final_answer": 3,
        "judge": "11",
        "text_id": "65c9b859f174b28977037761"
    },
    {
        "known_questions": [
            "Q5",
            "Q4",
            "Q3",
            "Q7"
        ],
        "llm_answers": [
            [
                0.0247270618074863,
                0.0478433658525425,
                0.5304049246517656,
                0.3970246476882054
            ],
            [
                0.0013217436203673,
                0.0312622653214843,
                0.96611214293145,
                0.0013038481266983
            ],
            [
                0.1811661227463759,
                0.5274501009755216,
                0.2911822662404998,
                0.0002015100376025
            ],
            [
                0.0341934666047035,
                0.2617183932711303,
                0.5711071760296925,
                0.1329809640944736
            ]
        ],
        "final_answer": 4,
        "judge": "11",
        "text_id": "65c9f916f174b28977037b80"
    },
    {
        "known_questions": [
            "Q2",
            "Q4",
            "Q5",
            "Q3",
            "Q7",
            "Q6",
            "Q1"
        ],
        "llm_answers": [
            [
                0.0220096074825218,
                0.1922534900221018,
                0.765413386037206,
                0.0203235164581704
            ],
            [
                0.0066565434307258,
                0.1215199498292465,
                0.8556476995058565,
                0.016175807234171
            ],
            [
                0.0535995028113318,
                0.2747456311915783,
                0.6027920885270065,
                0.0688627774700834
            ],
            [
                0.0224344184030052,
                0.3076023309445957,
                0.6674918066023706,
                0.0024714440500283
            ],
            [
                0.0222031852730415,
                0.090257379334851,
                0.5920672339835581,
                0.2954722014085493
            ],
            [
                0.0158293868049668,
                0.3932276227226007,
                0.5900243084892627,
                0.0009186819831697
            ],
            [
                0.0192246599545727,
                0.3448583757114242,
                0.5935025600778849,
                0.042414404256118
            ]
        ],
        "final_answer": 2,
        "judge": "11",
        "text_id": "65c61b9bf174b28977037476"
    },
    {
        "known_questions": [
            "Q7",
            "Q1",
            "Q0"
        ],
        "llm_answers": [
            [
                0.0052143312017031,
                0.114088280049295,
                0.6700271976773351,
                0.2106701910716668
            ],
            [
                0.0013415451779556,
                0.1467317760733691,
                0.8028472948132791,
                0.049079383935396
            ],
            [
                0.0011208883541212,
                0.0674622609328221,
                0.2886453708782237,
                0.642771479834833
            ]
        ],
        "final_answer": 1,
        "judge": "11",
        "text_id": "65c9e6b5f174b28977037a16"
    },
    {
        "known_questions": [
            "Q8",
            "Q2",
            "Q3",
            "Q5"
        ],
        "llm_answers": [
            [
                0.3990850603639096,
                0.1236954168317263,
                0.4772188200964741,
                0.0
            ],
            [
                0.0182586363266898,
                0.1860864761997686,
                0.7858104074787843,
                0.0098444799947573
            ],
            [
                0.0146191445252757,
                0.2678610400080092,
                0.7114651238908624,
                0.0060546915758526
            ],
            [
                0.0461646299052571,
                0.2389829996931119,
                0.5555472246904638,
                0.159305145711167
            ]
        ],
        "final_answer": 1,
        "judge": "11",
        "text_id": "65ca0376f174b28977037bb3"
    },
    {
        "known_questions": [
            "Q6",
            "Q2",
            "Q5"
        ],
        "llm_answers": [
            [
                0.0360504719999555,
                0.6482884372768634,
                0.3151284257621664,
                0.0005326649610145
            ],
            [
                0.0090204819678012,
                0.1563119931179283,
                0.7877348716011222,
                0.0469326533131482
            ],
            [
                0.0569516549716667,
                0.2374824080951322,
                0.560493838480171,
                0.1450720984530301
            ]
        ],
        "final_answer": 4,
        "judge": "11",
        "text_id": "65c5efbaf174b289770373e9"
    },
    {
        "known_questions": [
            "Q2",
            "Q4",
            "Q5",
            "Q6",
            "Q8",
            "Q3",
            "Q1"
        ],
        "llm_answers": [
            [
                0.0055731546256071,
                0.0906177358379221,
                0.8780965941420871,
                0.0257125153943836
            ],
            [
                0.0045617952927402,
                0.1347118496999228,
                0.8569248803826184,
                0.0038014746247184
            ],
            [
                0.0652731109565857,
                0.2227866694603463,
                0.5602928673290769,
                0.1516473522539909
            ],
            [
                0.0230679659389504,
                0.7570481662363064,
                0.2192040868310583,
                0.0006797809936847
            ],
            [
                0.3668895788437823,
                0.2524046686936667,
                0.380705202038003,
                0.0
            ],
            [
                0.0050074793826643,
                0.1951724001402894,
                0.7960304439315421,
                0.0037896765455042
            ],
            [
                0.010955115586046,
                0.2920529799447331,
                0.6269498441030812,
                0.0700420603661395
            ]
        ],
        "final_answer": 1,
        "judge": "11",
        "text_id": "65c60f9af174b2897703745a"
    },
    {
        "known_questions": [
            "Q6",
            "Q5",
            "Q8",
            "Q4",
            "Q1"
        ],
        "llm_answers": [
            [
                0.0023255283597476,
                0.2943539529267874,
                0.7031724198801277,
                0.0001480988333371
            ],
            [
                0.0419943621950586,
                0.1060120827498744,
                0.6232547700113962,
                0.2287387850436708
            ],
            [
                0.1922132744027885,
                0.4476873277960629,
                0.3600989157648989,
                0.0
            ],
            [
                0.0012927949630129,
                0.0526659487318822,
                0.9457688197418588,
                0.000272436563246
            ],
            [
                3.8420983260900456e-05,
                0.0201110229547398,
                0.8282019457277902,
                0.1516486103342091
            ]
        ],
        "final_answer": 3,
        "judge": "11",
        "text_id": "65c9b859f174b28977037761"
    },
    {
        "known_questions": [
            "Q3",
            "Q7",
            "Q5",
            "Q2",
            "Q8",
            "Q0"
        ],
        "llm_answers": [
            [
                0.2692474272519619,
                0.5874245784976955,
                0.1432525792619931,
                7.541498834943926e-05
            ],
            [
                0.06282495909843,
                0.3452434541566933,
                0.4960783025898338,
                0.0958532841550428
            ],
            [
                0.0715204555656227,
                0.1554212077469814,
                0.6853386808069559,
                0.0877196558804398
            ],
            [
                0.0029303062254907,
                0.0713581263333125,
                0.9168075227660316,
                0.0089040446751654
            ],
            [
                0.3085239844803376,
                0.1797727918038123,
                0.51170322371585,
                0.0
            ],
            [
                0.0004956984535277,
                0.0313423245532305,
                0.2790534404371928,
                0.689108536556049
            ]
        ],
        "final_answer": 4,
        "judge": "11",
        "text_id": "65c5f77ff174b289770373fa"
    },
    {
        "known_questions": [
            "Q4",
            "Q2",
            "Q1",
            "Q7",
            "Q5",
            "Q3"
        ],
        "llm_answers": [
            [
                0.0058872877416691,
                0.2076326487113465,
                0.7853735436012422,
                0.0011065199457421
            ],
            [
                0.0182586363266898,
                0.1860864761997686,
                0.7858104074787843,
                0.0098444799947573
            ],
            [
                0.0134825892660033,
                0.2973978988943955,
                0.5890370995895124,
                0.1000824122500886
            ],
            [
                0.0378319770003297,
                0.2425097697995413,
                0.5953239418042986,
                0.1243343113958303
            ],
            [
                0.0461646299052571,
                0.2389829996931119,
                0.5555472246904638,
                0.159305145711167
            ],
            [
                0.0146191445252757,
                0.2678610400080092,
                0.7114651238908624,
                0.0060546915758526
            ]
        ],
        "final_answer": 1,
        "judge": "11",
        "text_id": "65ca0376f174b28977037bb3"
    },
    {
        "known_questions": [
            "Q3",
            "Q2",
            "Q1"
        ],
        "llm_answers": [
            [
                0.0304767959155876,
                0.4356435418572096,
                0.5330972388607325,
                0.0007824233664704
            ],
            [
                0.0107750524934962,
                0.1852718873925677,
                0.8008536952504165,
                0.0030993648635195
            ],
            [
                0.0039841277561312,
                0.1914132314591726,
                0.7263387519699696,
                0.0782638888147266
            ]
        ],
        "final_answer": 1,
        "judge": "11",
        "text_id": "65c9bf20f174b289770377f7"
    },
    {
        "known_questions": [
            "Q3",
            "Q6",
            "Q0"
        ],
        "llm_answers": [
            [
                0.1000029242693783,
                0.5128493966327892,
                0.3867802793790935,
                0.000367399718739
            ],
            [
                0.0066786337724877,
                0.3986163962599606,
                0.5946701080613392,
                3.486190621239458e-05
            ],
            [
                0.0005025882103316,
                0.0184686239306637,
                0.1442663131603359,
                0.8367624746986687
            ]
        ],
        "final_answer": 2,
        "judge": "11",
        "text_id": "65c9a5c0f174b289770376c9"
    },
    {
        "known_questions": [
            "Q3",
            "Q1",
            "Q5",
            "Q4"
        ],
        "llm_answers": [
            [
                0.2692474272519619,
                0.5874245784976955,
                0.1432525792619931,
                7.541498834943926e-05
            ],
            [
                0.0002600113280631,
                0.0465984985454583,
                0.8062860179656989,
                0.1468554721607795
            ],
            [
                0.0715204555656227,
                0.1554212077469814,
                0.6853386808069559,
                0.0877196558804398
            ],
            [
                0.0019709380651114,
                0.0866175979577568,
                0.91133260060539,
                7.886337174168006e-05
            ]
        ],
        "final_answer": 4,
        "judge": "11",
        "text_id": "65c5f77ff174b289770373fa"
    },
    {
        "known_questions": [
            "Q7",
            "Q4",
            "Q8",
            "Q5"
        ],
        "llm_answers": [
            [
                0.0206244829956293,
                0.183251635378167,
                0.5988007859150453,
                0.1973230957111583
            ],
            [
                0.0011265378987824,
                0.0416830980156607,
                0.9567221484253162,
                0.0004682156602404
            ],
            [
                0.3369837627648333,
                0.3112283687851712,
                0.3517878684499955,
                0.0
            ],
            [
                0.0199672773945513,
                0.0626532279374955,
                0.636638138900327,
                0.280741355767626
            ]
        ],
        "final_answer": 3,
        "judge": "11",
        "text_id": "65c9fb8df174b28977037b93"
    },
    {
        "known_questions": [
            "Q8",
            "Q2",
            "Q3",
            "Q5"
        ],
        "llm_answers": [
            [
                0.2713800214399315,
                0.2493060434023277,
                0.4793132890430101,
                0.0
            ],
            [
                0.0021950204407712,
                0.1043545315372958,
                0.8889970515422561,
                0.0044533964796768
            ],
            [
                0.0229964676804158,
                0.3248700073790704,
                0.649757674567914,
                0.0023758503725996
            ],
            [
                0.0799676555439772,
                0.266900531347593,
                0.5588302988664219,
                0.0943015142420079
            ]
        ],
        "final_answer": 1,
        "judge": "11",
        "text_id": "65c9c416f174b28977037868"
    },
    {
        "known_questions": [
            "Q4",
            "Q1",
            "Q6",
            "Q0"
        ],
        "llm_answers": [
            [
                0.0011265378987824,
                0.0416830980156607,
                0.9567221484253162,
                0.0004682156602404
            ],
            [
                0.0002629204593575,
                0.0491381231068513,
                0.8361965319741888,
                0.1144024244596021
            ],
            [
                0.0010877329994314,
                0.4011670978519212,
                0.59770188727208,
                4.328187656741563e-05
            ],
            [
                0.0047618917840029,
                0.201762996296445,
                0.4580642201266278,
                0.3354108917929243
            ]
        ],
        "final_answer": 3,
        "judge": "11",
        "text_id": "65c9fb8df174b28977037b93"
    },
    {
        "known_questions": [
            "Q5",
            "Q2",
            "Q1",
            "Q4",
            "Q3"
        ],
        "llm_answers": [
            [
                0.0652731109565857,
                0.2227866694603463,
                0.5602928673290769,
                0.1516473522539909
            ],
            [
                0.0055731546256071,
                0.0906177358379221,
                0.8780965941420871,
                0.0257125153943836
            ],
            [
                0.010955115586046,
                0.2920529799447331,
                0.6269498441030812,
                0.0700420603661395
            ],
            [
                0.0045617952927402,
                0.1347118496999228,
                0.8569248803826184,
                0.0038014746247184
            ],
            [
                0.0050074793826643,
                0.1951724001402894,
                0.7960304439315421,
                0.0037896765455042
            ]
        ],
        "final_answer": 1,
        "judge": "11",
        "text_id": "65c60f9af174b2897703745a"
    },
    {
        "known_questions": [
            "Q5",
            "Q0"
        ],
        "llm_answers": [
            [
                0.0799676555439772,
                0.266900531347593,
                0.5588302988664219,
                0.0943015142420079
            ],
            [
                0.00220097507003,
                0.0895990104490204,
                0.3434753596233674,
                0.564724654857582
            ]
        ],
        "final_answer": 1,
        "judge": "11",
        "text_id": "65c9c416f174b28977037868"
    },
    {
        "known_questions": [
            "Q6",
            "Q1",
            "Q4",
            "Q2",
            "Q5"
        ],
        "llm_answers": [
            [
                0.0158293868049668,
                0.3932276227226007,
                0.5900243084892627,
                0.0009186819831697
            ],
            [
                0.0192246599545727,
                0.3448583757114242,
                0.5935025600778849,
                0.042414404256118
            ],
            [
                0.0066565434307258,
                0.1215199498292465,
                0.8556476995058565,
                0.016175807234171
            ],
            [
                0.0220096074825218,
                0.1922534900221018,
                0.765413386037206,
                0.0203235164581704
            ],
            [
                0.0535995028113318,
                0.2747456311915783,
                0.6027920885270065,
                0.0688627774700834
            ]
        ],
        "final_answer": 2,
        "judge": "11",
        "text_id": "65c61b9bf174b28977037476"
    },
    {
        "known_questions": [
            "Q1",
            "Q5",
            "Q7",
            "Q0"
        ],
        "llm_answers": [
            [
                0.0137598359066327,
                0.2733305331717258,
                0.6035946763622184,
                0.109314954559423
            ],
            [
                0.0569516549716667,
                0.2374824080951322,
                0.560493838480171,
                0.1450720984530301
            ],
            [
                0.0245138924627059,
                0.1788467682872728,
                0.6118825890433509,
                0.1847567502066703
            ],
            [
                0.0096657703120123,
                0.1651697298056315,
                0.2708291043416804,
                0.5543353955406757
            ]
        ],
        "final_answer": 4,
        "judge": "11",
        "text_id": "65c5efbaf174b289770373e9"
    },
    {
        "known_questions": [
            "Q7",
            "Q6",
            "Q4",
            "Q8",
            "Q1",
            "Q5",
            "Q3"
        ],
        "llm_answers": [
            [
                0.0206244829956293,
                0.183251635378167,
                0.5988007859150453,
                0.1973230957111583
            ],
            [
                0.0010877329994314,
                0.4011670978519212,
                0.59770188727208,
                4.328187656741563e-05
            ],
            [
                0.0011265378987824,
                0.0416830980156607,
                0.9567221484253162,
                0.0004682156602404
            ],
            [
                0.3369837627648333,
                0.3112283687851712,
                0.3517878684499955,
                0.0
            ],
            [
                0.0002629204593575,
                0.0491381231068513,
                0.8361965319741888,
                0.1144024244596021
            ],
            [
                0.0199672773945513,
                0.0626532279374955,
                0.636638138900327,
                0.280741355767626
            ],
            [
                0.1706017977197703,
                0.5918929984183824,
                0.2372966562745542,
                0.0002085475872931
            ]
        ],
        "final_answer": 3,
        "judge": "11",
        "text_id": "65c9fb8df174b28977037b93"
    },
    {
        "known_questions": [
            "Q3",
            "Q7",
            "Q5",
            "Q2",
            "Q8",
            "Q0"
        ],
        "llm_answers": [
            [
                0.1788637690124507,
                0.6380288802135727,
                0.1828373846111999,
                0.0002699661627765
            ],
            [
                0.0677666045105807,
                0.4015851837958766,
                0.4625039117517822,
                0.0681442999417604
            ],
            [
                0.0449778954225048,
                0.1285146308042263,
                0.6486822362641776,
                0.1778252375090912
            ],
            [
                0.0010727481517531,
                0.0507292832106551,
                0.944058743017798,
                0.0041392256197938
            ],
            [
                0.4051792017370056,
                0.1253557258761503,
                0.4694650723868439,
                0.0
            ],
            [
                0.001793679678135,
                0.0844443633766348,
                0.478065951073015,
                0.4356960058722151
            ]
        ],
        "final_answer": 2,
        "judge": "11",
        "text_id": "65c9efadf174b28977037af7"
    },
    {
        "known_questions": [
            "Q2"
        ],
        "llm_answers": [
            [
                0.0055731546256071,
                0.0906177358379221,
                0.8780965941420871,
                0.0257125153943836
            ]
        ],
        "final_answer": 1,
        "judge": "11",
        "text_id": "65c60f9af174b2897703745a"
    },
    {
        "known_questions": [
            "Q5",
            "Q2",
            "Q1",
            "Q4",
            "Q3"
        ],
        "llm_answers": [
            [
                0.0535995028113318,
                0.2747456311915783,
                0.6027920885270065,
                0.0688627774700834
            ],
            [
                0.0220096074825218,
                0.1922534900221018,
                0.765413386037206,
                0.0203235164581704
            ],
            [
                0.0192246599545727,
                0.3448583757114242,
                0.5935025600778849,
                0.042414404256118
            ],
            [
                0.0066565434307258,
                0.1215199498292465,
                0.8556476995058565,
                0.016175807234171
            ],
            [
                0.0224344184030052,
                0.3076023309445957,
                0.6674918066023706,
                0.0024714440500283
            ]
        ],
        "final_answer": 2,
        "judge": "11",
        "text_id": "65c61b9bf174b28977037476"
    },
    {
        "known_questions": [
            "Q4",
            "Q0"
        ],
        "llm_answers": [
            [
                0.0059740400835915,
                0.1664574846631354,
                0.8247354180017394,
                0.0028330572515334
            ],
            [
                0.0008825155271613,
                0.055292960518047,
                0.3001031365839455,
                0.6437213873708462
            ]
        ],
        "final_answer": 4,
        "judge": "11",
        "text_id": "65c9eccdf174b28977037abc"
    },
    {
        "known_questions": [
            "Q6",
            "Q2",
            "Q3",
            "Q1",
            "Q0"
        ],
        "llm_answers": [
            [
                0.0067265924781679,
                0.4971523394724804,
                0.4959939837836156,
                0.0001270842657359
            ],
            [
                0.0029303062254907,
                0.0713581263333125,
                0.9168075227660316,
                0.0089040446751654
            ],
            [
                0.2692474272519619,
                0.5874245784976955,
                0.1432525792619931,
                7.541498834943926e-05
            ],
            [
                0.0002600113280631,
                0.0465984985454583,
                0.8062860179656989,
                0.1468554721607795
            ],
            [
                0.0004956984535277,
                0.0313423245532305,
                0.2790534404371928,
                0.689108536556049
            ]
        ],
        "final_answer": 4,
        "judge": "11",
        "text_id": "65c5f77ff174b289770373fa"
    },
    {
        "known_questions": [
            "Q7",
            "Q6",
            "Q4",
            "Q0"
        ],
        "llm_answers": [
            [
                0.055362549966178,
                0.3618308986106739,
                0.4933243023012602,
                0.0894822491218877
            ],
            [
                0.0023255283597476,
                0.2943539529267874,
                0.7031724198801277,
                0.0001480988333371
            ],
            [
                0.0012927949630129,
                0.0526659487318822,
                0.9457688197418588,
                0.000272436563246
            ],
            [
                0.0001206800434642,
                0.0129913947434644,
                0.2783781929496927,
                0.7085097322633785
            ]
        ],
        "final_answer": 3,
        "judge": "11",
        "text_id": "65c9b859f174b28977037761"
    },
    {
        "known_questions": [
            "Q6",
            "Q3",
            "Q8",
            "Q5"
        ],
        "llm_answers": [
            [
                0.0168703777835265,
                0.4189173479135724,
                0.5637321121002079,
                0.0004801622026931
            ],
            [
                0.0304767959155876,
                0.4356435418572096,
                0.5330972388607325,
                0.0007824233664704
            ],
            [
                0.4645193910547245,
                0.20822753570502,
                0.3272525194006846,
                0.0
            ],
            [
                0.0540783310643011,
                0.1952024784276058,
                0.5678833743335349,
                0.1828358161745581
            ]
        ],
        "final_answer": 1,
        "judge": "11",
        "text_id": "65c9bf20f174b289770377f7"
    },
    {
        "known_questions": [
            "Q6",
            "Q7",
            "Q3",
            "Q8"
        ],
        "llm_answers": [
            [
                0.0373568778549056,
                0.4225241651041325,
                0.5367646716796485,
                0.0033542853613135
            ],
            [
                0.0126441966946868,
                0.1803177460693591,
                0.6306300825364363,
                0.1764079746995177
            ],
            [
                0.0229964676804158,
                0.3248700073790704,
                0.649757674567914,
                0.0023758503725996
            ],
            [
                0.2713800214399315,
                0.2493060434023277,
                0.4793132890430101,
                0.0
            ]
        ],
        "final_answer": 1,
        "judge": "11",
        "text_id": "65c9c416f174b28977037868"
    },
    {
        "known_questions": [
            "Q2",
            "Q8",
            "Q5"
        ],
        "llm_answers": [
            [
                0.0025536865403347,
                0.0536971548198843,
                0.8417788971001509,
                0.1019702615396301
            ],
            [
                0.3491213017568982,
                0.3676521443895537,
                0.2832263018632997,
                0.0
            ],
            [
                0.0909161234570212,
                0.2896409815042683,
                0.4416969490192637,
                0.1777459460194464
            ]
        ],
        "final_answer": 2,
        "judge": "11",
        "text_id": "65c9b2abf174b2897703770d"
    },
    {
        "known_questions": [
            "Q8",
            "Q1",
            "Q4"
        ],
        "llm_answers": [
            [
                0.1773062248806348,
                0.4875370666852917,
                0.3351563441042449,
                0.0
            ],
            [
                0.0006735002939106,
                0.09264107828367,
                0.8475792907294778,
                0.0591061306929414
            ],
            [
                0.0059740400835915,
                0.1664574846631354,
                0.8247354180017394,
                0.0028330572515334
            ]
        ],
        "final_answer": 4,
        "judge": "11",
        "text_id": "65c9eccdf174b28977037abc"
    },
    {
        "known_questions": [
            "Q2",
            "Q4",
            "Q3",
            "Q8",
            "Q0"
        ],
        "llm_answers": [
            [
                0.0016946248048168,
                0.0460886198789922,
                0.9214603165765772,
                0.0307564387396136
            ],
            [
                0.0009687489673367,
                0.0854258574755503,
                0.9107218808649662,
                0.0028835126921467
            ],
            [
                0.0016556708200764,
                0.130212750626234,
                0.8633226194600186,
                0.0048089590936709
            ],
            [
                0.3160835374954439,
                0.2860510060677795,
                0.3978650342356533,
                0.0
            ],
            [
                0.0010248937582748,
