[
    {
        "known_questions": [
            "Q7",
            "Q2",
            "Q0"
        ],
        "llm_answers": [
            [
                0.0600632919480338,
                0.3986173252321409,
                0.4926531230533376,
                0.0486662597664876
            ],
            [
                0.0024953939048869,
                0.0566593314187743,
                0.9206884546403316,
                0.020156820036007
            ],
            [
                0.010343548024709,
                0.1962161477171393,
                0.3859926184419427,
                0.4074476858162088
            ]
        ],
        "final_answer": 1,
        "judge": "13",
        "text_id": "65c9e81df174b28977037a53"
    },
    {
        "known_questions": [
            "Q3",
            "Q7",
            "Q8",
            "Q6",
            "Q1",
            "Q4"
        ],
        "llm_answers": [
            [
                0.0211214754022637,
                0.4240113206237438,
                0.5511301644962786,
                0.0037370394777139
            ],
            [
                0.056819001568928,
                0.3894637155337553,
                0.4696458520725997,
                0.0840714308247169
            ],
            [
                0.2351049653951648,
                0.2822217686915804,
                0.4826719043037565,
                0.0
            ],
            [
                0.0599203190855315,
                0.6307195083053094,
                0.3088886217120912,
                0.0004715508970678
            ],
            [
                0.0010925153158416,
                0.1052885595476529,
                0.778594699145769,
                0.1150242259907364
            ],
            [
                0.0052967430692428,
                0.1759099851915789,
                0.812312669031851,
                0.0064806027073273
            ]
        ],
        "final_answer": 4,
        "judge": "13",
        "text_id": "65c9caaef174b289770378e8"
    },
    {
        "known_questions": [
            "Q1",
            "Q8",
            "Q3",
            "Q4"
        ],
        "llm_answers": [
            [
                0.0018293869147271,
                0.1294786485451846,
                0.835687234311745,
                0.0330047302283432
            ],
            [
                0.2128583587222058,
                0.2224439727396386,
                0.5646969762128639,
                0.0
            ],
            [
                0.0244101345633543,
                0.4482363485464707,
                0.5252191463014005,
                0.0021343705887742
            ],
            [
                0.0017149526637546,
                0.0819123422827241,
                0.8993725548600414,
                0.0170001501934798
            ]
        ],
        "final_answer": 3,
        "judge": "13",
        "text_id": "65c9c844f174b289770378b3"
    },
    {
        "known_questions": [
            "Q7",
            "Q6",
            "Q5"
        ],
        "llm_answers": [
            [
                0.0490971784671178,
                0.2347143089836717,
                0.5926343320794155,
                0.1235541804697947
            ],
            [
                0.0169355563600115,
                0.6101128001817209,
                0.3725584500525254,
                0.000393193405742
            ],
            [
                0.0551053134070765,
                0.2452917807026992,
                0.5363441594680581,
                0.1632587464221661
            ]
        ],
        "final_answer": 1,
        "judge": "13",
        "text_id": "65c9edf6f174b28977037ad1"
    },
    {
        "known_questions": [
            "Q1",
            "Q7"
        ],
        "llm_answers": [
            [
                0.0088626650763364,
                0.2652533529338721,
                0.6903968298979326,
                0.0354871520918587
            ],
            [
                0.0232850957196238,
                0.2293862782794387,
                0.5720441577196392,
                0.1752844682812981
            ]
        ],
        "final_answer": 2,
        "judge": "13",
        "text_id": "65c9c33df174b28977037860"
    },
    {
        "known_questions": [
            "Q2",
            "Q6",
            "Q1"
        ],
        "llm_answers": [
            [
                0.0025445104760499,
                0.0693567021283826,
                0.8793992766291855,
                0.0486995107663819
            ],
            [
                0.0304403631325285,
                0.6543276647152998,
                0.3148337313147766,
                0.000398240837395
            ],
            [
                0.0018293869147271,
                0.1294786485451846,
                0.835687234311745,
                0.0330047302283432
            ]
        ],
        "final_answer": 3,
        "judge": "13",
        "text_id": "65c9c844f174b289770378b3"
    },
    {
        "known_questions": [
            "Q2",
            "Q8",
            "Q6",
            "Q1",
            "Q7"
        ],
        "llm_answers": [
            [
                0.008972158677302,
                0.1183761069095891,
                0.8634689791027839,
                0.0091827553103249
            ],
            [
                0.2892993117464058,
                0.2305360692747881,
                0.4801641396003455,
                0.0
            ],
            [
                0.0510382466817699,
                0.7019925185271556,
                0.2460787450648449,
                0.0008904897262296
            ],
            [
                0.0523552841673539,
                0.3536110822322778,
                0.5036478791536084,
                0.0903857544467598
            ],
            [
                0.0329345174082231,
                0.3889402485536037,
                0.5312777048211258,
                0.0468475292170472
            ]
        ],
        "final_answer": 3,
        "judge": "13",
        "text_id": "65c609f1f174b28977037454"
    },
    {
        "known_questions": [
            "Q1",
            "Q3",
            "Q4",
            "Q0"
        ],
        "llm_answers": [
            [
                0.0450004584623756,
                0.3233982312099993,
                0.5535713095752175,
                0.0780300007524076
            ],
            [
                0.0017956192987961,
                0.0997543312314282,
                0.8909543625654773,
                0.0074956869042982
            ],
            [
                0.0021098741535916,
                0.0875993083936659,
                0.8842003372954501,
                0.0260904801572922
            ],
            [
                0.0065099420325272,
                0.3060144655026189,
                0.3994379482898678,
                0.288037644174986
            ]
        ],
        "final_answer": 3,
        "judge": "13",
        "text_id": "65c5f6c4f174b289770373f8"
    },
    {
        "known_questions": [
            "Q6",
            "Q1",
            "Q2",
            "Q4",
            "Q3"
        ],
        "llm_answers": [
            [
                0.0598859680720679,
                0.5439200079243605,
                0.3943776772205045,
                0.0018163467830668
            ],
            [
                0.0074152706036068,
                0.2311395103205369,
                0.6424908972755505,
                0.1189543218003055
            ],
            [
                0.0024953939048869,
                0.0566593314187743,
                0.9206884546403316,
                0.020156820036007
            ],
            [
                0.0031871938244741,
                0.1636924153698018,
                0.8293966351241759,
                0.0037237556815481
            ],
            [
                0.0077694099870452,
                0.2568080263933429,
                0.7306311186642801,
                0.0047914449553316
            ]
        ],
        "final_answer": 1,
        "judge": "13",
        "text_id": "65c9e81df174b28977037a53"
    },
    {
        "known_questions": [
            "Q2",
            "Q0"
        ],
        "llm_answers": [
            [
                0.0025445104760499,
                0.0693567021283826,
                0.8793992766291855,
                0.0486995107663819
            ],
            [
                0.0090162131654574,
                0.1175732354059815,
                0.3077707290184479,
                0.565639822410113
            ]
        ],
        "final_answer": 3,
        "judge": "13",
        "text_id": "65c9c844f174b289770378b3"
    },
    {
        "known_questions": [
            "Q1",
            "Q6",
            "Q7"
        ],
        "llm_answers": [
            [
                0.0183784198283298,
                0.3700264874905908,
                0.5633734788205855,
                0.0482216138604937
            ],
            [
                0.0296749244268479,
                0.7810554560604015,
                0.1890893384896662,
                0.0001802810230843
            ],
            [
                0.047854391974149,
                0.3241909519243591,
                0.5412964253627013,
                0.0866582307387905
            ]
        ],
        "final_answer": 2,
        "judge": "13",
        "text_id": "65c605e3f174b28977037447"
    },
    {
        "known_questions": [
            "Q1",
            "Q3"
        ],
        "llm_answers": [
            [
                0.0155234082963521,
                0.3250288986724292,
                0.5766087483363965,
                0.0828389446948221
            ],
            [
                0.0102996499199295,
                0.4448820568728729,
                0.5441262549872131,
                0.0006920382199843
            ]
        ],
        "final_answer": 4,
        "judge": "13",
        "text_id": "65c9f117f174b28977037b14"
    },
    {
        "known_questions": [
            "Q6",
            "Q4",
            "Q3"
        ],
        "llm_answers": [
            [
                0.0026216132807189,
                0.4876691400795837,
                0.509687597583426,
                2.1649056271226067e-05
            ],
            [
                0.0032260976123392,
                0.1389501641092773,
                0.8574152730803096,
                0.0004084651980738
            ],
            [
                0.0999245560587589,
                0.6147505414393012,
                0.2851715593641583,
                0.0001533431377816
            ]
        ],
        "final_answer": 3,
        "judge": "13",
        "text_id": "65c9c665f174b2897703787e"
    },
    {
        "known_questions": [
            "Q6",
            "Q8",
            "Q2",
            "Q3",
            "Q4",
            "Q1",
            "Q7",
            "Q0"
        ],
        "llm_answers": [
            [
                0.0599203190855315,
                0.6307195083053094,
                0.3088886217120912,
                0.0004715508970678
            ],
            [
                0.2351049653951648,
                0.2822217686915804,
                0.4826719043037565,
                0.0
            ],
            [
                0.0179587421287104,
                0.2044691938969005,
                0.7598430532283398,
                0.0177290107460492
            ],
            [
                0.0211214754022637,
                0.4240113206237438,
                0.5511301644962786,
                0.0037370394777139
            ],
            [
                0.0052967430692428,
                0.1759099851915789,
                0.812312669031851,
                0.0064806027073273
            ],
            [
                0.0010925153158416,
                0.1052885595476529,
                0.778594699145769,
                0.1150242259907364
            ],
            [
                0.056819001568928,
                0.3894637155337553,
                0.4696458520725997,
                0.0840714308247169
            ],
            [
                0.0123566454869193,
                0.2053198925698112,
                0.3260683475517972,
                0.4562551143914721
            ]
        ],
        "final_answer": 4,
        "judge": "13",
        "text_id": "65c9caaef174b289770378e8"
    },
    {
        "known_questions": [
            "Q2",
            "Q6"
        ],
        "llm_answers": [
            [
                0.0022612779678581,
                0.0589418948724166,
                0.850908137291743,
                0.0878886898679821
            ],
            [
                0.0286983830845584,
                0.6726334649392007,
                0.2984815979911216,
                0.0001865539851192
            ]
        ],
        "final_answer": 2,
        "judge": "13",
        "text_id": "65c9e093f174b28977037977"
    },
    {
        "known_questions": [
            "Q2",
            "Q5",
            "Q0"
        ],
        "llm_answers": [
            [
                0.0179587421287104,
                0.2044691938969005,
                0.7598430532283398,
                0.0177290107460492
            ],
            [
                0.0601754061335612,
                0.2896399305829275,
                0.5293777355246091,
                0.1208069277589021
            ],
            [
                0.0123566454869193,
                0.2053198925698112,
                0.3260683475517972,
                0.4562551143914721
            ]
        ],
        "final_answer": 4,
        "judge": "13",
        "text_id": "65c9caaef174b289770378e8"
    },
    {
        "known_questions": [
            "Q7",
            "Q8",
            "Q3"
        ],
        "llm_answers": [
            [
                0.0232850957196238,
                0.2293862782794387,
                0.5720441577196392,
                0.1752844682812981
            ],
            [
                0.3331348398669835,
                0.1064846169088315,
                0.5603796119447375,
                0.0
            ],
            [
                0.0036348456829116,
                0.1981449348214128,
                0.7958313224865389,
                0.0023888970091366
            ]
        ],
        "final_answer": 2,
        "judge": "13",
        "text_id": "65c9c33df174b28977037860"
    },
    {
        "known_questions": [
            "Q4",
            "Q1",
            "Q6"
        ],
        "llm_answers": [
            [
                0.0061679487034471,
                0.2151520569256086,
                0.7768432865897255,
                0.0018367077812187
            ],
            [
                0.0183784198283298,
                0.3700264874905908,
                0.5633734788205855,
                0.0482216138604937
            ],
            [
                0.0296749244268479,
                0.7810554560604015,
                0.1890893384896662,
                0.0001802810230843
            ]
        ],
        "final_answer": 2,
        "judge": "13",
        "text_id": "65c605e3f174b28977037447"
    },
    {
        "known_questions": [
            "Q6",
            "Q3"
        ],
        "llm_answers": [
            [
                0.0304403631325285,
                0.6543276647152998,
                0.3148337313147766,
                0.000398240837395
            ],
            [
                0.0244101345633543,
                0.4482363485464707,
                0.5252191463014005,
                0.0021343705887742
            ]
        ],
        "final_answer": 3,
        "judge": "13",
        "text_id": "65c9c844f174b289770378b3"
    },
    {
        "known_questions": [
            "Q3",
            "Q2",
            "Q8",
            "Q0"
        ],
        "llm_answers": [
            [
                0.0247833412434831,
                0.5718485613318183,
                0.4025153542798484,
                0.00085274314485
            ],
            [
                0.0255746835652552,
                0.2350902631589929,
                0.7320837345977649,
                0.0072513186779869
            ],
            [
                0.3504717304039014,
                0.1975847385295358,
                0.4519431276663689,
                0.0
            ],
            [
                0.0049417776005442,
                0.2182937656777821,
                0.5426917909491211,
                0.2340726657725525
            ]
        ],
        "final_answer": 1,
        "judge": "13",
        "text_id": "65c9bd38f174b289770377c2"
    },
    {
        "known_questions": [
            "Q7",
            "Q1",
            "Q5",
            "Q3",
            "Q0"
        ],
        "llm_answers": [
            [
                0.0242077869817197,
                0.2213709181936492,
                0.6576096429631985,
                0.0968116518614326
            ],
            [
                0.0113945966358483,
                0.3028613965502498,
                0.6311848224694387,
                0.054559184344463
            ],
            [
                0.0499511591064478,
                0.2519875068170362,
                0.5717425542950137,
                0.1263187797815022
            ],
            [
                0.0065787838259042,
                0.2133613910030433,
                0.7770154539041062,
                0.003044371266946
            ],
            [
                0.0087882801478811,
                0.1365256395437339,
                0.3508932802880056,
                0.5037928000203794
            ]
        ],
        "final_answer": 2,
        "judge": "13",
        "text_id": "65c9e093f174b28977037977"
    },
    {
        "known_questions": [
            "Q2",
            "Q8"
        ],
        "llm_answers": [
            [
                0.0146948228041174,
                0.1477924672754163,
                0.7979350806368181,
                0.039577629283648
            ],
            [
                0.2484649209092496,
                0.1860383940860697,
                0.565495745574566,
                0.0
            ]
        ],
        "final_answer": 4,
        "judge": "13",
        "text_id": "65c5d5f9f174b289770373d6"
    },
    {
        "known_questions": [
            "Q2",
            "Q8"
        ],
        "llm_answers": [
            [
                0.0122173322609623,
                0.1391466232445633,
                0.8091005516821954,
                0.0395354928122789
            ],
            [
                0.1863012167369444,
                0.5072921339057784,
                0.3064056901405265,
                0.0
            ]
        ],
        "final_answer": 3,
        "judge": "13",
        "text_id": "65c9e3f1f174b289770379c5"
    },
    {
        "known_questions": [
            "Q2",
            "Q4",
            "Q3",
            "Q8",
            "Q0"
        ],
        "llm_answers": [
            [
                0.0027679423691401,
                0.0715907100140423,
                0.9051505985934208,
                0.0204907490233966
            ],
            [
                0.0036428735668031,
                0.1698667169545557,
                0.8247283436065921,
                0.0017620658720491
            ],
            [
                0.0036348456829116,
                0.1981449348214128,
                0.7958313224865389,
                0.0023888970091366
            ],
            [
                0.3331348398669835,
                0.1064846169088315,
                0.5603796119447375,
                0.0
            ],
            [
                0.0003210815620102,
                0.0355367545076721,
                0.4927867521929719,
                0.4713554117373456
            ]
        ],
        "final_answer": 2,
        "judge": "13",
        "text_id": "65c9c33df174b28977037860"
    },
    {
        "known_questions": [
            "Q2",
            "Q1"
        ],
        "llm_answers": [
            [
                0.0146948228041174,
                0.1477924672754163,
                0.7979350806368181,
                0.039577629283648
            ],
            [
                0.0090699578344848,
                0.2679921838152567,
                0.6680265880516704,
                0.054911270298588
            ]
        ],
        "final_answer": 4,
        "judge": "13",
        "text_id": "65c5d5f9f174b289770373d6"
    },
    {
        "known_questions": [
            "Q3",
            "Q8"
        ],
        "llm_answers": [
            [
                0.0036348456829116,
                0.1981449348214128,
                0.7958313224865389,
                0.0023888970091366
            ],
            [
                0.3331348398669835,
                0.1064846169088315,
                0.5603796119447375,
                0.0
            ]
        ],
        "final_answer": 2,
        "judge": "13",
        "text_id": "65c9c33df174b28977037860"
    },
    {
        "known_questions": [
            "Q4",
            "Q2",
            "Q1",
            "Q7",
            "Q5",
            "Q3"
        ],
        "llm_answers": [
            [
                0.0050302310187621,
                0.1034117313092036,
                0.8894186537274212,
                0.0021393839446129
            ],
            [
                0.0059494992408657,
                0.0769229948689784,
                0.8924895677739101,
                0.0246379381162456
            ],
            [
                0.0043425308481446,
                0.2297232728182411,
                0.708824031273681,
                0.057110165059933
            ],
            [
                0.0490971784671178,
                0.2347143089836717,
                0.5926343320794155,
                0.1235541804697947
            ],
            [
                0.0551053134070765,
                0.2452917807026992,
                0.5363441594680581,
                0.1632587464221661
            ],
            [
                0.002338021726567,
                0.1487675552287941,
                0.8473048403019557,
                0.0015895827426831
            ]
        ],
        "final_answer": 1,
        "judge": "13",
        "text_id": "65c9edf6f174b28977037ad1"
    },
    {
        "known_questions": [
            "Q6",
            "Q1",
            "Q4",
            "Q2",
            "Q5"
        ],
        "llm_answers": [
            [
                0.0034604877612407,
                0.3211333478045455,
                0.6746902863853965,
                0.0007158780488172
            ],
            [
                0.001945245428642,
                0.1612088538999087,
                0.672630472292108,
                0.1642154283793413
            ],
            [
                0.0039907132667761,
                0.1190348941796031,
                0.8762986333820401,
                0.0006757591715805
            ],
            [
                0.0057135605693141,
                0.0851844662868569,
                0.8694916727007511,
                0.0396103004430778
            ],
            [
                0.0243164091882414,
                0.0738590832747667,
                0.4631790830218637,
                0.438645424515128
            ]
        ],
        "final_answer": 3,
        "judge": "13",
        "text_id": "65c6133af174b2897703746a"
    },
    {
        "known_questions": [
            "Q2",
            "Q8",
            "Q5",
            "Q4"
        ],
        "llm_answers": [
            [
                0.0021443995990356,
                0.0370150470125625,
                0.8705201843267836,
                0.0903203690616182
            ],
            [
                0.3888714730441041,
                0.1591047078694951,
                0.4520238190864007,
                0.0
            ],
            [
                0.0292398549130797,
                0.1235887810791998,
                0.6674549603964021,
                0.1797164036113182
            ],
            [
                0.0032260976123392,
                0.1389501641092773,
                0.8574152730803096,
                0.0004084651980738
            ]
        ],
        "final_answer": 3,
        "judge": "13",
        "text_id": "65c9c665f174b2897703787e"
    },
    {
        "known_questions": [
            "Q6",
            "Q4"
        ],
        "llm_answers": [
            [
                0.018792474664996,
                0.7077776607779973,
                0.2732819936734036,
                0.0001478708836029
            ],
            [
                0.0373429255187999,
                0.414972076806973,
                0.5470844691974656,
                0.0006005284767614
            ]
        ],
        "final_answer": 1,
        "judge": "13",
        "text_id": "65c9bd38f174b289770377c2"
    },
    {
        "known_questions": [
            "Q4",
            "Q2",
            "Q6",
            "Q8",
            "Q7",
            "Q0"
        ],
        "llm_answers": [
            [
                0.0028770278410955,
                0.1099177722932761,
                0.8810894575053668,
                0.0061157423602615
            ],
            [
                0.0022612779678581,
                0.0589418948724166,
                0.850908137291743,
                0.0878886898679821
            ],
            [
                0.0286983830845584,
                0.6726334649392007,
                0.2984815979911216,
                0.0001865539851192
            ],
            [
                0.5086599494975192,
                0.1298132679741686,
                0.3615265987192569,
                0.0
            ],
            [
                0.0242077869817197,
                0.2213709181936492,
                0.6576096429631985,
                0.0968116518614326
            ],
            [
                0.0087882801478811,
                0.1365256395437339,
                0.3508932802880056,
                0.5037928000203794
            ]
        ],
        "final_answer": 2,
        "judge": "13",
        "text_id": "65c9e093f174b28977037977"
    },
    {
        "known_questions": [
            "Q7",
            "Q8",
            "Q3"
        ],
        "llm_answers": [
            [
                0.047854391974149,
                0.3241909519243591,
                0.5412964253627013,
                0.0866582307387905
            ],
            [
                0.2660111911961544,
                0.2941079803655255,
                0.4398801837027021,
                0.0
            ],
            [
                0.006231888182019,
                0.2559565147660745,
                0.7345290942989999,
                0.0032825027529064
            ]
        ],
        "final_answer": 2,
        "judge": "13",
        "text_id": "65c605e3f174b28977037447"
    },
    {
        "known_questions": [
            "Q1",
            "Q4",
            "Q2",
            "Q3",
            "Q6",
            "Q8",
            "Q7"
        ],
        "llm_answers": [
            [
                0.001945245428642,
                0.1612088538999087,
                0.672630472292108,
                0.1642154283793413
            ],
            [
                0.0039907132667761,
                0.1190348941796031,
                0.8762986333820401,
                0.0006757591715805
            ],
            [
                0.0057135605693141,
                0.0851844662868569,
                0.8694916727007511,
                0.0396103004430778
            ],
            [
                0.0003679210137086,
                0.0506383705146655,
                0.9485287049967224,
                0.0004650034749033
            ],
            [
                0.0034604877612407,
                0.3211333478045455,
                0.6746902863853965,
                0.0007158780488172
            ],
            [
                0.2596176262430403,
                0.2620388775178445,
                0.4783430630670455,
                0.0
            ],
            [
                0.0314731850471369,
                0.16303250774683,
                0.6240764425494502,
                0.1814178646565828
            ]
        ],
        "final_answer": 3,
        "judge": "13",
        "text_id": "65c6133af174b2897703746a"
    },
    {
        "known_questions": [
            "Q5",
            "Q8",
            "Q6"
        ],
        "llm_answers": [
            [
                0.0689557995070244,
                0.2524883508690608,
                0.4847043475980869,
                0.1938515020258277
            ],
            [
                0.1863012167369444,
                0.5072921339057784,
                0.3064056901405265,
                0.0
            ],
            [
                0.0245543103966462,
                0.5452927001913469,
                0.4291765681696759,
                0.0009764212423308
            ]
        ],
        "final_answer": 3,
        "judge": "13",
        "text_id": "65c9e3f1f174b289770379c5"
    },
    {
        "known_questions": [
            "Q5"
        ],
        "llm_answers": [
            [
                0.0551053134070765,
                0.2452917807026992,
                0.5363441594680581,
                0.1632587464221661
            ]
        ],
        "final_answer": 1,
        "judge": "13",
        "text_id": "65c9edf6f174b28977037ad1"
    },
    {
        "known_questions": [
            "Q6",
            "Q8",
            "Q2",
            "Q3",
            "Q4",
            "Q1",
            "Q7",
            "Q0"
        ],
        "llm_answers": [
            [
                0.0076733785131783,
                0.5498669624494004,
                0.4423043865927534,
                0.0001552724446678
            ],
            [
                0.2484649209092496,
                0.1860383940860697,
                0.565495745574566,
                0.0
            ],
            [
                0.0146948228041174,
                0.1477924672754163,
                0.7979350806368181,
                0.039577629283648
            ],
            [
                0.1619661927727392,
                0.6825134316005544,
                0.1544457847311585,
                0.0010745908955477
            ],
            [
                0.0319199113205823,
                0.2810874959628957,
                0.6852025132843189,
                0.001790079432203
            ],
            [
                0.0090699578344848,
                0.2679921838152567,
                0.6680265880516704,
                0.054911270298588
            ],
            [
                0.0484514818990274,
                0.3242231859008557,
                0.5607997130386487,
                0.0665256191614682
            ],
            [
                0.0051728104382238,
                0.1085605026737324,
                0.2346725518057009,
                0.6515941350823429
            ]
        ],
        "final_answer": 4,
        "judge": "13",
        "text_id": "65c5d5f9f174b289770373d6"
    },
    {
        "known_questions": [
            "Q1",
            "Q4",
            "Q2",
            "Q3",
            "Q6",
            "Q8",
            "Q7"
        ],
        "llm_answers": [
            [
                0.0074152706036068,
                0.2311395103205369,
                0.6424908972755505,
                0.1189543218003055
            ],
            [
                0.0031871938244741,
                0.1636924153698018,
                0.8293966351241759,
                0.0037237556815481
            ],
            [
                0.0024953939048869,
                0.0566593314187743,
                0.9206884546403316,
                0.020156820036007
            ],
            [
                0.0077694099870452,
                0.2568080263933429,
                0.7306311186642801,
                0.0047914449553316
            ],
            [
                0.0598859680720679,
                0.5439200079243605,
                0.3943776772205045,
                0.0018163467830668
            ],
            [
                0.4009229273999585,
                0.1678032073267744,
                0.4312726798140945,
                0.0
            ],
            [
                0.0600632919480338,
                0.3986173252321409,
                0.4926531230533376,
                0.0486662597664876
            ]
        ],
        "final_answer": 1,
        "judge": "13",
        "text_id": "65c9e81df174b28977037a53"
    },
    {
        "known_questions": [
            "Q7",
            "Q6",
            "Q4",
            "Q0"
        ],
        "llm_answers": [
            [
                0.0600632919480338,
                0.3986173252321409,
                0.4926531230533376,
                0.0486662597664876
            ],
            [
                0.0598859680720679,
                0.5439200079243605,
                0.3943776772205045,
                0.0018163467830668
            ],
            [
                0.0031871938244741,
                0.1636924153698018,
                0.8293966351241759,
                0.0037237556815481
            ],
            [
                0.010343548024709,
                0.1962161477171393,
                0.3859926184419427,
                0.4074476858162088
            ]
        ],
        "final_answer": 1,
        "judge": "13",
        "text_id": "65c9e81df174b28977037a53"
    },
    {
        "known_questions": [
            "Q7",
            "Q4",
            "Q8",
            "Q1",
            "Q0"
        ],
        "llm_answers": [
            [
                0.017879238045317,
                0.175938948954759,
                0.5881474336223214,
                0.2180343793776026
            ],
            [
                0.0017149526637546,
                0.0819123422827241,
                0.8993725548600414,
                0.0170001501934798
            ],
            [
                0.2128583587222058,
                0.2224439727396386,
                0.5646969762128639,
                0.0
            ],
            [
                0.0018293869147271,
                0.1294786485451846,
                0.835687234311745,
                0.0330047302283432
            ],
            [
                0.0090162131654574,
                0.1175732354059815,
                0.3077707290184479,
                0.565639822410113
            ]
        ],
        "final_answer": 3,
        "judge": "13",
        "text_id": "65c9c844f174b289770378b3"
    },
    {
        "known_questions": [
            "Q6",
            "Q0"
        ],
        "llm_answers": [
            [
                0.0599203190855315,
                0.6307195083053094,
                0.3088886217120912,
                0.0004715508970678
            ],
            [
                0.0123566454869193,
                0.2053198925698112,
                0.3260683475517972,
                0.4562551143914721
            ]
        ],
        "final_answer": 4,
        "judge": "13",
        "text_id": "65c9caaef174b289770378e8"
    },
    {
        "known_questions": [
            "Q5",
            "Q2",
            "Q1",
            "Q4",
            "Q3"
        ],
        "llm_answers": [
            [
                0.0292398549130797,
                0.1235887810791998,
                0.6674549603964021,
                0.1797164036113182
            ],
            [
                0.0021443995990356,
                0.0370150470125625,
                0.8705201843267836,
                0.0903203690616182
            ],
            [
                9.745341705573228e-05,
                0.0164221890474973,
                0.8612694978322302,
                0.1222108597032167
            ],
            [
                0.0032260976123392,
                0.1389501641092773,
                0.8574152730803096,
                0.0004084651980738
            ],
            [
                0.0999245560587589,
                0.6147505414393012,
                0.2851715593641583,
                0.0001533431377816
            ]
        ],
        "final_answer": 3,
        "judge": "13",
        "text_id": "65c9c665f174b2897703787e"
    },
    {
        "known_questions": [
            "Q6",
            "Q1",
            "Q4",
            "Q2",
            "Q5"
        ],
        "llm_answers": [
            [
                0.0304403631325285,
                0.6543276647152998,
                0.3148337313147766,
                0.000398240837395
            ],
            [
                0.0018293869147271,
                0.1294786485451846,
                0.835687234311745,
                0.0330047302283432
            ],
            [
                0.0017149526637546,
                0.0819123422827241,
                0.8993725548600414,
                0.0170001501934798
            ],
            [
                0.0025445104760499,
                0.0693567021283826,
                0.8793992766291855,
                0.0486995107663819
            ],
            [
                0.0485309396322645,
                0.2301803714127726,
                0.5399140310442077,
                0.1813746579107552
            ]
        ],
        "final_answer": 3,
        "judge": "13",
        "text_id": "65c9c844f174b289770378b3"
    },
    {
        "known_questions": [
            "Q4",
            "Q1"
        ],
        "llm_answers": [
            [
                0.0076047427270963,
                0.2536228943002165,
                0.7373899197351981,
                0.001382443237489
            ],
            [
                0.0523552841673539,
                0.3536110822322778,
                0.5036478791536084,
                0.0903857544467598
            ]
        ],
        "final_answer": 3,
        "judge": "13",
        "text_id": "65c609f1f174b28977037454"
    },
    {
        "known_questions": [
            "Q5",
            "Q7",
            "Q3",
            "Q6",
            "Q2",
            "Q8"
        ],
        "llm_answers": [
            [
                0.0292398549130797,
                0.1235887810791998,
                0.6674549603964021,
                0.1797164036113182
            ],
            [
                0.0194959118818457,
                0.1758811875797554,
                0.6412065247372071,
                0.1634163758011916
            ],
            [
                0.0999245560587589,
                0.6147505414393012,
                0.2851715593641583,
                0.0001533431377816
            ],
            [
                0.0026216132807189,
                0.4876691400795837,
                0.509687597583426,
                2.1649056271226067e-05
            ],
            [
                0.0021443995990356,
                0.0370150470125625,
                0.8705201843267836,
                0.0903203690616182
            ],
            [
                0.3888714730441041,
                0.1591047078694951,
                0.4520238190864007,
                0.0
            ]
        ],
        "final_answer": 3,
        "judge": "13",
        "text_id": "65c9c665f174b2897703787e"
    },
    {
        "known_questions": [
            "Q4",
            "Q2",
            "Q7",
            "Q3",
            "Q8",
            "Q1"
        ],
