[
    {
        "known_questions": [
            "Q3",
            "Q7",
            "Q8",
            "Q6",
            "Q1",
            "Q4"
        ],
        "llm_answers": [
            [
                0.0035741146399723,
                0.2519862675860096,
                0.7430001542486863,
                0.0014394635253317
            ],
            [
                0.0690651030218946,
                0.4634232029346693,
                0.4559879491290284,
                0.0115237449144076
            ],
            [
                0.3919632802611207,
                0.1291744430536782,
                0.478861380786974,
                0.0
            ],
            [
                0.0795128286432365,
                0.6807650063936292,
                0.2393149280736349,
                0.0004072368894992
            ],
            [
                0.0372778075002575,
                0.4158348459057083,
                0.4774285601132852,
                0.0694587864807487
            ],
            [
                0.0046469289721812,
                0.2482626765644295,
                0.7414879609163079,
                0.0056024335470814
            ]
        ],
        "final_answer": 3,
        "judge": "12",
        "text_id": "65c9c8d9f174b289770378cc"
    },
    {
        "known_questions": [
            "Q8",
            "Q6",
            "Q0"
        ],
        "llm_answers": [
            [
                0.2790141795797823,
                0.2607442921186799,
                0.4602412476393798,
                0.0
            ],
            [
                0.0367777580747461,
                0.6473959866610927,
                0.3154494231976485,
                0.0003768320665125
            ],
            [
                0.0095411368975531,
                0.1650984644260755,
                0.4068704174123151,
                0.4184899812640562
            ]
        ],
        "final_answer": 3,
        "judge": "12",
        "text_id": "65c9ef9ff174b28977037af4"
    },
    {
        "known_questions": [
            "Q3",
            "Q1",
            "Q0"
        ],
        "llm_answers": [
            [
                0.0023839860568518,
                0.1242561922242761,
                0.8693366595581999,
                0.004023162160672
            ],
            [
                0.0002638382613713,
                0.0895268598308941,
                0.8236129758754265,
                0.086596326032308
            ],
            [
                0.0006575130739506,
                0.027794508611044,
                0.1693121866642174,
                0.8022357916507878
            ]
        ],
        "final_answer": 1,
        "judge": "12",
        "text_id": "65c9c70ff174b28977037891"
    },
    {
        "known_questions": [
            "Q2",
            "Q8"
        ],
        "llm_answers": [
            [
                0.038016917368075,
                0.2587071829987942,
                0.6942193206365334,
                0.0090565789965973
            ],
            [
                0.337797125571194,
                0.2653929864138723,
                0.3968094517554321,
                0.0
            ]
        ],
        "final_answer": 2,
        "judge": "12",
        "text_id": "65c9f0b2f174b28977037b10"
    },
    {
        "known_questions": [
            "Q2",
            "Q8",
            "Q6",
            "Q1",
            "Q7"
        ],
        "llm_answers": [
            [
                0.017019242621157,
                0.1942822158407475,
                0.7744528056955992,
                0.0142457358424962
            ],
            [
                0.3617150160145599,
                0.1470343676814084,
                0.4912502898478245,
                0.0
            ],
            [
                0.0557111387981813,
                0.5350531594210287,
                0.4073895061511284,
                0.0018461956296614
            ],
            [
                0.0102172729747534,
                0.33443188179219,
                0.547210938990424,
                0.1081399062426326
            ],
            [
                0.0611757987700194,
                0.4169537925285687,
                0.4715585471028022,
                0.0503118615986095
            ]
        ],
        "final_answer": 1,
        "judge": "12",
        "text_id": "65c9e7eaf174b28977037a45"
    },
    {
        "known_questions": [
            "Q5",
            "Q0"
        ],
        "llm_answers": [
            [
                0.0337977519720207,
                0.1548145099938945,
                0.5699385400683182,
                0.2414491979657664
            ],
            [
                0.0096276568028852,
                0.1970730108545728,
                0.2750151462857977,
                0.5182841860567443
            ]
        ],
        "final_answer": 2,
        "judge": "12",
        "text_id": "65c9cccaf174b289770378f9"
    },
    {
        "known_questions": [
            "Q8",
            "Q6",
            "Q0"
        ],
        "llm_answers": [
            [
                0.4384029124032109,
                0.2342675360839823,
                0.3273293592626666,
                0.0
            ],
            [
                0.0437024404492959,
                0.696710968950526,
                0.2594342363618008,
                0.0001523542383771
            ],
            [
                0.0182208493203805,
                0.2172875312954245,
                0.382784235049844,
                0.381707384334351
            ]
        ],
        "final_answer": 1,
        "judge": "12",
        "text_id": "65c9f62ef174b28977037b65"
    },
    {
        "known_questions": [
            "Q1",
            "Q3",
            "Q6",
            "Q2"
        ],
        "llm_answers": [
            [
                0.0032871621161445,
                0.2146216078025142,
                0.7021123569560853,
                0.0799788731252559
            ],
            [
                0.0067141413658696,
                0.2314111396243486,
                0.7601585680763838,
                0.0017161509333978
            ],
            [
                0.0296508117289629,
                0.6385179718743806,
                0.331616573397049,
                0.0002146429996073
            ],
            [
                0.0063084417310085,
                0.1085723090386604,
                0.8557025211823868,
                0.0294167280479443
            ]
        ],
        "final_answer": 2,
        "judge": "12",
        "text_id": "65c9b0eef174b289770376fb"
    },
    {
        "known_questions": [
            "Q1",
            "Q8",
            "Q3",
            "Q4"
        ],
        "llm_answers": [
            [
                0.0002638382613713,
                0.0895268598308941,
                0.8236129758754265,
                0.086596326032308
            ],
            [
                0.2416818764909363,
                0.2517584513418502,
                0.5065591513695213,
                0.0
            ],
            [
                0.0023839860568518,
                0.1242561922242761,
                0.8693366595581999,
                0.004023162160672
            ],
            [
                0.0048966068483605,
                0.1746553642933705,
                0.8167066520085491,
                0.0037413768497196
            ]
        ],
        "final_answer": 1,
        "judge": "12",
        "text_id": "65c9c70ff174b28977037891"
    },
    {
        "known_questions": [
            "Q1",
            "Q6",
            "Q5"
        ],
        "llm_answers": [
            [
                0.0060168207008538,
                0.2728744766707057,
                0.6618583875942996,
                0.0592503150341408
            ],
            [
                0.0079496509864552,
                0.3652560909586691,
                0.6260668513096226,
                0.0007274067452529
            ],
            [
                0.0679840589907282,
                0.2499397405697427,
                0.4619464711636636,
                0.2201297292758652
            ]
        ],
        "final_answer": 4,
        "judge": "12",
        "text_id": "65c9b4a0f174b2897703772f"
    },
    {
        "known_questions": [
            "Q5",
            "Q1",
            "Q8"
        ],
        "llm_answers": [
            [
                0.0185222401889841,
                0.0420068702560573,
                0.5524062205540086,
                0.38706466900095
            ],
            [
                0.0005005024921235,
                0.0646986864429877,
                0.8282340131473458,
                0.1065667979175429
            ],
            [
                0.3431078716663422,
                0.374789540232299,
                0.2821025881013587,
                0.0
            ]
        ],
        "final_answer": 3,
        "judge": "12",
        "text_id": "65c9f4dff174b28977037b4f"
    },
    {
        "known_questions": [
            "Q8",
            "Q5",
            "Q2",
            "Q0"
        ],
        "llm_answers": [
            [
                0.2790141795797823,
                0.2607442921186799,
                0.4602412476393798,
                0.0
            ],
            [
                0.0653130281712325,
                0.3254321947726977,
                0.5318681546165722,
                0.0773866224394975
            ],
            [
                0.0069979999814682,
                0.1846994651265959,
                0.8010089265771629,
                0.0072936083147728
            ],
            [
                0.0095411368975531,
                0.1650984644260755,
                0.4068704174123151,
                0.4184899812640562
            ]
        ],
        "final_answer": 3,
        "judge": "12",
        "text_id": "65c9ef9ff174b28977037af4"
    },
    {
        "known_questions": [
            "Q4",
            "Q3",
            "Q1"
        ],
        "llm_answers": [
            [
                0.0048047993238046,
                0.2145679513075728,
                0.7730058585321563,
                0.0076213908364662
            ],
            [
                0.0041324575363107,
                0.3609137012751701,
                0.6301347687224683,
                0.0048190724660508
            ],
            [
                0.0220736120884512,
                0.3290422203828869,
                0.5324191589941292,
                0.1164650085345327
            ]
        ],
        "final_answer": 2,
        "judge": "12",
        "text_id": "65c9bc12f174b289770377a9"
    },
    {
        "known_questions": [
            "Q8",
            "Q5"
        ],
        "llm_answers": [
            [
                0.2416818764909363,
                0.2517584513418502,
                0.5065591513695213,
                0.0
            ],
            [
                0.0401008796895801,
                0.2309676532435118,
                0.6456714812459943,
                0.0832599858209137
            ]
        ],
        "final_answer": 1,
        "judge": "12",
        "text_id": "65c9c70ff174b28977037891"
    },
    {
        "known_questions": [
            "Q1",
            "Q3",
            "Q8",
            "Q7",
            "Q2",
            "Q4",
            "Q0"
        ],
        "llm_answers": [
            [
                0.0005005024921235,
                0.0646986864429877,
                0.8282340131473458,
                0.1065667979175429
            ],
            [
                0.0270990182449674,
                0.4228453460870217,
                0.5492635605137243,
                0.0007920751542866
            ],
            [
                0.3431078716663422,
                0.374789540232299,
                0.2821025881013587,
                0.0
            ],
            [
                0.0130467336730527,
                0.212248638207519,
                0.7022367930510683,
                0.0724678350683598
            ],
            [
                0.0078832899011678,
                0.062802678063556,
                0.8890418154318991,
                0.040272216603377
            ],
            [
                0.0030361551308068,
                0.070717958838258,
                0.9254450059418752,
                0.0008008800890599
            ],
            [
                0.0013506663463862,
                0.1638705948545134,
                0.4136461758046021,
                0.4211325629944982
            ]
        ],
        "final_answer": 3,
        "judge": "12",
        "text_id": "65c9f4dff174b28977037b4f"
    },
    {
        "known_questions": [
            "Q7",
            "Q4",
            "Q3",
            "Q0"
        ],
        "llm_answers": [
            [
                0.0149158406817526,
                0.1301820012835918,
                0.5276077876371855,
                0.32729437039747
            ],
            [
                0.0029176604866632,
                0.0957633929037581,
                0.8971278404795212,
                0.0041911061300573
            ],
            [
                0.0042665958074936,
                0.1921398850079502,
                0.8004255746223328,
                0.0031679445622233
            ],
            [
                0.0096276568028852,
                0.1970730108545728,
                0.2750151462857977,
                0.5182841860567443
            ]
        ],
        "final_answer": 2,
        "judge": "12",
        "text_id": "65c9cccaf174b289770378f9"
    },
    {
        "known_questions": [
            "Q6",
            "Q4"
        ],
        "llm_answers": [
            [
                0.0213773498344208,
                0.4996447982942538,
                0.4784268580907667,
                0.0005509937805586
            ],
            [
                0.0029176604866632,
                0.0957633929037581,
                0.8971278404795212,
                0.0041911061300573
            ]
        ],
        "final_answer": 2,
        "judge": "12",
        "text_id": "65c9cccaf174b289770378f9"
    },
    {
        "known_questions": [
            "Q5"
        ],
        "llm_answers": [
            [
                0.0653130281712325,
                0.3254321947726977,
                0.5318681546165722,
                0.0773866224394975
            ]
        ],
        "final_answer": 3,
        "judge": "12",
        "text_id": "65c9ef9ff174b28977037af4"
    },
    {
        "known_questions": [
            "Q4"
        ],
        "llm_answers": [
            [
                0.0116925847184851,
                0.2902638846017513,
                0.6941242479649969,
                0.0039192827147664
            ]
        ],
        "final_answer": 3,
        "judge": "12",
        "text_id": "65c9ef9ff174b28977037af4"
    },
    {
        "known_questions": [
            "Q7",
            "Q1",
            "Q0"
        ],
        "llm_answers": [
            [
                0.0444140448398813,
                0.3876761184014383,
                0.4911961724899678,
                0.0767136642687125
            ],
            [
                0.0032871621161445,
                0.2146216078025142,
                0.7021123569560853,
                0.0799788731252559
            ],
            [
                0.012105427987987,
                0.2112552348030383,
                0.4025047894582537,
                0.3741345477507208
            ]
        ],
        "final_answer": 2,
        "judge": "12",
        "text_id": "65c9b0eef174b289770376fb"
    },
    {
        "known_questions": [
            "Q4",
            "Q8",
            "Q7"
        ],
        "llm_answers": [
            [
                0.0050824799784206,
                0.158449784675871,
                0.8357735449931123,
                0.000694190352596
            ],
            [
                0.3089018905160308,
                0.1042830795377332,
                0.5868147486947666,
                0.0
            ],
            [
                0.0386408572332385,
                0.3601450958305326,
                0.5540003143818866,
                0.0472137325543421
            ]
        ],
        "final_answer": 2,
        "judge": "12",
        "text_id": "65c9f24ef174b28977037b1c"
    },
    {
        "known_questions": [
            "Q4",
            "Q8"
        ],
        "llm_answers": [
            [
                0.0048047993238046,
                0.2145679513075728,
                0.7730058585321563,
                0.0076213908364662
            ],
            [
                0.1805685500134767,
                0.2726121486572412,
                0.546819017648431,
                0.0
            ]
        ],
        "final_answer": 2,
        "judge": "12",
        "text_id": "65c9bc12f174b289770377a9"
    },
    {
        "known_questions": [
            "Q1",
            "Q4",
            "Q8",
            "Q5",
            "Q2",
            "Q7"
        ],
        "llm_answers": [
            [
                0.0102172729747534,
                0.33443188179219,
                0.547210938990424,
                0.1081399062426326
            ],
            [
                0.0092847684474079,
                0.1747701629493509,
                0.8059109529097483,
                0.0100341156934928
            ],
            [
                0.3617150160145599,
                0.1470343676814084,
                0.4912502898478245,
                0.0
            ],
            [
                0.0516504944466566,
                0.24700126758631,
                0.5974094167477457,
                0.1039388212192874
            ],
            [
                0.017019242621157,
                0.1942822158407475,
                0.7744528056955992,
                0.0142457358424962
            ],
            [
                0.0611757987700194,
                0.4169537925285687,
                0.4715585471028022,
                0.0503118615986095
            ]
        ],
        "final_answer": 1,
        "judge": "12",
        "text_id": "65c9e7eaf174b28977037a45"
    },
    {
        "known_questions": [
            "Q5",
            "Q7",
            "Q3",
            "Q6",
            "Q2",
            "Q8"
        ],
        "llm_answers": [
            [
                0.0253590402060714,
                0.1325430743578142,
                0.8216740487835518,
                0.0204238366525626
            ],
            [
                0.0290451310376933,
                0.2921477194785095,
                0.6174395215987176,
                0.0613676278850794
            ],
            [
                0.252492390438062,
                0.5871430232734021,
                0.160227216566706,
                0.0001373697218297
            ],
            [
                0.0126077463552594,
                0.5210033205509423,
                0.4662838249570353,
                0.0001051081367628
            ],
            [
                0.0069238403879163,
                0.100807845509411,
                0.8884006103513026,
                0.0038677037513699
            ],
            [
                0.3222353603310942,
                0.122281322370684,
                0.5554829809454687,
                0.0
            ]
        ],
        "final_answer": 3,
        "judge": "12",
        "text_id": "65c9ea9cf174b28977037a84"
    },
    {
        "known_questions": [
            "Q5"
        ],
        "llm_answers": [
            [
                0.0407235830532966,
                0.2849860868022124,
                0.5446677418872837,
                0.1296225882572072
            ]
        ],
        "final_answer": 2,
        "judge": "12",
        "text_id": "65c9f0b2f174b28977037b10"
    },
    {
        "known_questions": [
            "Q3",
            "Q0"
        ],
        "llm_answers": [
            [
                0.0067141413658696,
                0.2314111396243486,
                0.7601585680763838,
                0.0017161509333978
            ],
            [
                0.012105427987987,
                0.2112552348030383,
                0.4025047894582537,
                0.3741345477507208
            ]
        ],
        "final_answer": 2,
        "judge": "12",
        "text_id": "65c9b0eef174b289770376fb"
    },
    {
        "known_questions": [
            "Q7"
        ],
        "llm_answers": [
            [
                0.0120578756274515,
                0.1371859391195526,
                0.6225089000392833,
                0.2282472852137127
            ]
        ],
        "final_answer": 4,
        "judge": "12",
        "text_id": "65c9b4a0f174b2897703772f"
    },
    {
        "known_questions": [
            "Q1",
            "Q3",
            "Q8",
            "Q7",
            "Q2",
            "Q4",
            "Q0"
        ],
        "llm_answers": [
            [
                0.0189164000106437,
                0.395151435025168,
                0.5363179208988108,
                0.0496142440653775
            ],
            [
                0.0319319195830322,
                0.4847883109552763,
                0.4812083437425614,
                0.00207142571913
            ],
            [
                0.2790141795797823,
                0.2607442921186799,
                0.4602412476393798,
                0.0
            ],
            [
                0.0456185823357371,
                0.3361318994684881,
                0.4848236617840607,
                0.1334258564117138
            ],
            [
                0.0069979999814682,
                0.1846994651265959,
                0.8010089265771629,
                0.0072936083147728
            ],
            [
                0.0116925847184851,
                0.2902638846017513,
                0.6941242479649969,
                0.0039192827147664
            ],
            [
                0.0095411368975531,
                0.1650984644260755,
                0.4068704174123151,
                0.4184899812640562
            ]
        ],
        "final_answer": 3,
        "judge": "12",
        "text_id": "65c9ef9ff174b28977037af4"
    },
    {
        "known_questions": [
            "Q2",
            "Q8",
            "Q5"
        ],
        "llm_answers": [
            [
                0.0008097841400803,
                0.02736353915422,
                0.9084575337091192,
                0.0633691429965804
            ],
            [
                0.3089018905160308,
                0.1042830795377332,
                0.5868147486947666,
                0.0
            ],
            [
                0.0557847507536629,
                0.2747629286022663,
                0.6494530051423596,
                0.019999315501711
            ]
        ],
        "final_answer": 2,
        "judge": "12",
        "text_id": "65c9f24ef174b28977037b1c"
    },
    {
        "known_questions": [
            "Q7",
            "Q1",
            "Q5",
            "Q3",
            "Q0"
        ],
        "llm_answers": [
            [
                0.0120578756274515,
                0.1371859391195526,
                0.6225089000392833,
                0.2282472852137127
            ],
            [
                0.0060168207008538,
                0.2728744766707057,
                0.6618583875942996,
                0.0592503150341408
            ],
            [
                0.0679840589907282,
                0.2499397405697427,
                0.4619464711636636,
                0.2201297292758652
            ],
            [
                0.0222262088164148,
                0.4199068243419185,
                0.5548651270341705,
                0.0030018398074961
            ],
            [
                0.0003162694888819,
                0.0134519500959424,
                0.115880209880051,
                0.8703515705351245
            ]
        ],
        "final_answer": 4,
        "judge": "12",
        "text_id": "65c9b4a0f174b2897703772f"
    },
    {
        "known_questions": [
            "Q7",
            "Q3",
            "Q5"
        ],
        "llm_answers": [
            [
                0.0130467336730527,
                0.212248638207519,
                0.7022367930510683,
                0.0724678350683598
            ],
            [
                0.0270990182449674,
                0.4228453460870217,
                0.5492635605137243,
                0.0007920751542866
            ],
            [
                0.0185222401889841,
                0.0420068702560573,
                0.5524062205540086,
                0.38706466900095
            ]
        ],
        "final_answer": 3,
        "judge": "12",
        "text_id": "65c9f4dff174b28977037b4f"
    },
    {
        "known_questions": [
            "Q6",
            "Q3",
            "Q4",
            "Q2",
            "Q0"
        ],
        "llm_answers": [
            [
                0.007747114196186,
                0.511505742564611,
                0.4804143747597693,
                0.0003327684794335
            ],
            [
                0.1355343677649978,
                0.6792143718911559,
                0.1850832908928125,
                0.0001679694510337
            ],
            [
                0.0050824799784206,
                0.158449784675871,
                0.8357735449931123,
                0.000694190352596
            ],
            [
                0.0008097841400803,
                0.02736353915422,
                0.9084575337091192,
                0.0633691429965804
            ],
            [
                0.0043442620183741,
                0.1172709885486284,
                0.4174598609024142,
                0.460924888530583
            ]
        ],
        "final_answer": 2,
        "judge": "12",
        "text_id": "65c9f24ef174b28977037b1c"
    },
    {
        "known_questions": [
            "Q3"
        ],
        "llm_answers": [
            [
                0.0042665958074936,
                0.1921398850079502,
                0.8004255746223328,
                0.0031679445622233
            ]
        ],
        "final_answer": 2,
        "judge": "12",
        "text_id": "65c9cccaf174b289770378f9"
    },
    {
        "known_questions": [
            "Q2",
            "Q8"
        ],
        "llm_answers": [
            [
                0.0069979999814682,
                0.1846994651265959,
                0.8010089265771629,
                0.0072936083147728
            ],
            [
                0.2790141795797823,
                0.2607442921186799,
                0.4602412476393798,
                0.0
            ]
        ],
        "final_answer": 3,
        "judge": "12",
        "text_id": "65c9ef9ff174b28977037af4"
    },
    {
        "known_questions": [
            "Q4",
            "Q7",
            "Q8",
            "Q5",
            "Q1",
            "Q3",
            "Q2",
            "Q0"
        ],
        "llm_answers": [
            [
                0.0046469289721812,
                0.2482626765644295,
                0.7414879609163079,
                0.0056024335470814
            ],
            [
                0.0690651030218946,
                0.4634232029346693,
                0.4559879491290284,
                0.0115237449144076
            ],
            [
                0.3919632802611207,
                0.1291744430536782,
                0.478861380786974,
                0.0
            ],
            [
                0.044567436936362,
                0.3177646704619178,
                0.5734899307241748,
                0.0641779618775454
            ],
            [
                0.0372778075002575,
                0.4158348459057083,
                0.4774285601132852,
                0.0694587864807487
            ],
            [
                0.0035741146399723,
                0.2519862675860096,
                0.7430001542486863,
                0.0014394635253317
            ],
            [
                0.0106610458184729,
                0.2312736914651882,
                0.7481015424684093,
                0.0099637202479295
            ],
            [
                0.0088959976360516,
                0.1536838809786498,
                0.426735665751787,
                0.4106844556335114
            ]
        ],
        "final_answer": 3,
        "judge": "12",
        "text_id": "65c9c8d9f174b289770378cc"
    },
    {
        "known_questions": [
            "Q5"
        ],
        "llm_answers": [
            [
                0.0557847507536629,
                0.2747629286022663,
                0.6494530051423596,
                0.019999315501711
            ]
        ],
        "final_answer": 2,
        "judge": "12",
        "text_id": "65c9f24ef174b28977037b1c"
    },
    {
        "known_questions": [
            "Q6",
            "Q2",
            "Q4"
        ],
        "llm_answers": [
            [
                0.0126077463552594,
                0.5210033205509423,
                0.4662838249570353,
                0.0001051081367628
            ],
            [
                0.0069238403879163,
                0.100807845509411,
                0.8884006103513026,
                0.0038677037513699
            ],
            [
                0.0103318993780412,
                0.1921940879774974,
                0.7973733205374631,
                0.000100692106998
            ]
        ],
        "final_answer": 3,
        "judge": "12",
        "text_id": "65c9ea9cf174b28977037a84"
    },
    {
        "known_questions": [
            "Q6",
            "Q3",
            "Q4",
            "Q2",
            "Q0"
        ],
        "llm_answers": [
            [
                0.0112924795211091,
                0.4744421415743461,
                0.5141511174419233,
                0.0001142614626214
            ],
            [
                0.0410445370384704,
                0.6463820233261653,
                0.3115515288984745,
                0.0010219107368896
            ],
            [
                0.0195826294058763,
                0.3573960027724537,
                0.6221736404423437,
                0.0008477273793262
            ],
            [
                0.038016917368075,
                0.2587071829987942,
                0.6942193206365334,
                0.0090565789965973
            ],
            [
                0.0025824001913466,
                0.1022523291043281,
                0.2989064574754717,
                0.5962588132288534
            ]
        ],
        "final_answer": 2,
        "judge": "12",
        "text_id": "65c9f0b2f174b28977037b10"
    },
    {
        "known_questions": [
            "Q2",
            "Q0"
        ],
        "llm_answers": [
            [
                0.0008097841400803,
                0.02736353915422,
                0.9084575337091192,
                0.0633691429965804
            ],
            [
                0.0043442620183741,
                0.1172709885486284,
                0.4174598609024142,
                0.460924888530583
            ]
        ],
        "final_answer": 2,
        "judge": "12",
        "text_id": "65c9f24ef174b28977037b1c"
    },
    {
        "known_questions": [
            "Q7",
            "Q2",
            "Q4",
            "Q5",
            "Q1"
        ],
        "llm_answers": [
            [
                0.0149158406817526,
                0.1301820012835918,
                0.5276077876371855,
                0.32729437039747
            ],
            [
                0.0076266034129905,
                0.087209963443229,
                0.856529991980636,
                0.0486334411631444
            ],
            [
                0.0029176604866632,
                0.0957633929037581,
                0.8971278404795212,
                0.0041911061300573
            ],
            [
                0.0337977519720207,
                0.1548145099938945,
                0.5699385400683182,
                0.2414491979657664
            ],
            [
                0.0173702515778084,
                0.3331617352841121,
                0.5927344338003553,
                0.0567335793377241
            ]
        ],
        "final_answer": 2,
        "judge": "12",
        "text_id": "65c9cccaf174b289770378f9"
    },
    {
        "known_questions": [
            "Q8",
            "Q6",
            "Q2",
            "Q3",
            "Q5",
            "Q1",
            "Q7"
        ],
        "llm_answers": [
            [
                0.2735978009907944,
                0.2237802734642889,
                0.5026219255449168,
                0.0
            ],
            [
                0.0024321673573241,
                0.2744201638102618,
                0.7229884279474709,
                0.000159240884943
            ],
            [
                0.0006688640748383,
                0.0124036834867109,
                0.955484549879448,
                0.0314429025590027
            ],
            [
                0.0111952366601561,
                0.2652899528792011,
                0.7229010768539874,
                0.0006137336066552
            ],
            [
                0.0227370362352644,
                0.0769650672754623,
                0.6653257345800953,
                0.234972161909178
            ],
            [
                0.000371168712714,
                0.0507751890885672,
                0.8816802760759332,
                0.0671733661227854
            ],
            [
                0.0223880558701381,
                0.1841989266226242,
                0.6424037670015634,
                0.1510092505056741
            ]
        ],
        "final_answer": 1,
        "judge": "12",
        "text_id": "65c9caa7f174b289770378e6"
    },
    {
        "known_questions": [
            "Q8",
            "Q0"
        ],
        "llm_answers": [
            [
                0.3089018905160308,
                0.1042830795377332,
                0.5868147486947666,
                0.0
            ],
            [
                0.0043442620183741,
                0.1172709885486284,
                0.4174598609024142,
                0.460924888530583
            ]
        ],
        "final_answer": 2,
        "judge": "12",
        "text_id": "65c9f24ef174b28977037b1c"
    },
    {
        "known_questions": [
            "Q4",
            "Q1",
            "Q6",
            "Q0"
        ],
        "llm_answers": [
            [
                0.0046469289721812,
                0.2482626765644295,
                0.7414879609163079,
                0.0056024335470814
            ],
            [
                0.0372778075002575,
                0.4158348459057083,
                0.4774285601132852,
                0.0694587864807487
            ],
            [
                0.0795128286432365,
                0.6807650063936292,
                0.2393149280736349,
                0.0004072368894992
            ],
            [
                0.0088959976360516,
                0.1536838809786498,
                0.426735665751787,
                0.4106844556335114
            ]
        ],
        "final_answer": 3,
        "judge": "12",
        "text_id": "65c9c8d9f174b289770378cc"
    },
    {
        "known_questions": [
            "Q4",
            "Q2",
            "Q3"
        ],
        "llm_answers": [
            [
                0.0116253660139352,
                0.2694069700261483,
                0.7165888649656796,
                0.0023787989942368
            ],
            [
                0.0120783941433942,
                0.1743414876386005,
                0.7644888025662571,
                0.0490913156517482
            ],
            [
                0.0030143671027126,
                0.1568219353525528,
                0.8365723198352767,
                0.0035913777094577
            ]
        ],
        "final_answer": 1,
        "judge": "12",
        "text_id": "65c9f62ef174b28977037b65"
    },
    {
        "known_questions": [
            "Q4",
            "Q8"
        ],
        "llm_answers": [
            [
                0.0011747974613488,
                0.053111939877312,
                0.9452931049943613,
                0.000420157666978
            ],
            [
                0.2735978009907944,
                0.2237802734642889,
                0.5026219255449168,
                0.0
            ]
        ],
        "final_answer": 1,
        "judge": "12",
        "text_id": "65c9caa7f174b289770378e6"
    },
    {
        "known_questions": [
            "Q3",
            "Q8"
        ],
        "llm_answers": [
            [
                0.0035741146399723,
                0.2519862675860096,
                0.7430001542486863,
                0.0014394635253317
            ],
            [
                0.3919632802611207,
                0.1291744430536782,
                0.478861380786974,
                0.0
            ]
        ],
        "final_answer": 3,
        "judge": "12",
        "text_id": "65c9c8d9f174b289770378cc"
    },
    {
        "known_questions": [
            "Q4",
            "Q1",
            "Q6",
            "Q0"
        ],
        "llm_answers": [
            [
                0.0195826294058763,
                0.3573960027724537,
                0.6221736404423437,
                0.0008477273793262
            ],
            [
                0.0080343685767712,
                0.2471388716422446,
                0.6539756589302155,
                0.0908511008507686
            ],
            [
                0.0112924795211091,
                0.4744421415743461,
                0.5141511174419233,
                0.0001142614626214
            ],
            [
                0.0025824001913466,
                0.1022523291043281,
                0.2989064574754717,
                0.5962588132288534
            ]
        ],
        "final_answer": 2,
        "judge": "12",
        "text_id": "65c9f0b2f174b28977037b10"
    },
    {
        "known_questions": [
            "Q3",
            "Q4",
            "Q8",
            "Q0"
        ],
        "llm_answers": [
            [
                0.0222262088164148,
                0.4199068243419185,
                0.5548651270341705,
                0.0030018398074961
            ],
            [
                0.0005261471826817,
                0.0476106278082922,
                0.9468562311363322,
                0.0050069938726937
            ],
            [
                0.3944653136875132,
                0.2130405262452755,
                0.3924937492719389,
                0.0
            ],
            [
                0.0003162694888819,
                0.0134519500959424,
                0.115880209880051,
                0.8703515705351245
            ]
        ],
        "final_answer": 4,
        "judge": "12",
        "text_id": "65c9b4a0f174b2897703772f"
    },
    {
        "known_questions": [
            "Q5",
            "Q7",
            "Q3",
            "Q6",
            "Q2",
            "Q8"
        ],
        "llm_answers": [
            [
                0.044567436936362,
                0.3177646704619178,
                0.5734899307241748,
                0.0641779618775454
            ],
            [
                0.0690651030218946,
                0.4634232029346693,
                0.4559879491290284,
