[
    {
        "known_questions": [
            "Q2",
            "Q4",
            "Q5",
            "Q6",
            "Q8",
            "Q3",
            "Q1"
        ],
        "llm_answers": [
            [
                0.0073906319099729,
                0.1092088102603802,
                0.8401810380436333,
                0.0432195197860135
            ],
            [
                0.0071964507749346,
                0.2042386486758894,
                0.7872152960896747,
                0.0013496044595012
            ],
            [
                0.0498372206225851,
                0.2145264641877918,
                0.6011163663001305,
                0.1345199488894923
            ],
            [
                0.0410967322240393,
                0.5645325482135521,
                0.3939764596415543,
                0.0003942599208541
            ],
            [
                0.3223472144750369,
                0.2807553839367692,
                0.3968971465470634,
                0.0
            ],
            [
                0.0039666940519037,
                0.1631656455670493,
                0.8297068248055629,
                0.0031608355754839
            ],
            [
                0.0344766397609178,
                0.3724127142933359,
                0.5125976278909311,
                0.0805130180548151
            ]
        ],
        "final_answer": 2,
        "judge": "2",
        "text_id": "65c622bff174b28977037486"
    },
    {
        "known_questions": [
            "Q6",
            "Q1",
            "Q2",
            "Q4",
            "Q3"
        ],
        "llm_answers": [
            [
                0.0410967322240393,
                0.5645325482135521,
                0.3939764596415543,
                0.0003942599208541
            ],
            [
                0.0344766397609178,
                0.3724127142933359,
                0.5125976278909311,
                0.0805130180548151
            ],
            [
                0.0073906319099729,
                0.1092088102603802,
                0.8401810380436333,
                0.0432195197860135
            ],
            [
                0.0071964507749346,
                0.2042386486758894,
                0.7872152960896747,
                0.0013496044595012
            ],
            [
                0.0039666940519037,
                0.1631656455670493,
                0.8297068248055629,
                0.0031608355754839
            ]
        ],
        "final_answer": 2,
        "judge": "2",
        "text_id": "65c622bff174b28977037486"
    },
    {
        "known_questions": [
            "Q8",
            "Q6",
            "Q7",
            "Q2"
        ],
        "llm_answers": [
            [
                0.1484720195159626,
                0.3919244610121019,
                0.4596030856483884,
                0.0
            ],
            [
                0.0069838052548247,
                0.543573011688979,
                0.4493958538196827,
                4.732923651349111e-05
            ],
            [
                0.0437966545391771,
                0.4475241192738736,
                0.4697478841509959,
                0.0389313420359534
            ],
            [
                0.0917129930601401,
                0.3258716721560131,
                0.5815432350952522,
                0.0008720996885946
            ]
        ],
        "final_answer": 3,
        "judge": "2",
        "text_id": "65c9e117f174b28977037986"
    },
    {
        "known_questions": [
            "Q4",
            "Q1"
        ],
        "llm_answers": [
            [
                0.0010896685452474,
                0.1404117620079705,
                0.8569021228809094,
                0.0015964465658725
            ],
            [
                0.0005172825836926,
                0.1124192436604245,
                0.7774932091077091,
                0.1095702646481736
            ]
        ],
        "final_answer": 4,
        "judge": "2",
        "text_id": "65c5eccaf174b289770373e4"
    },
    {
        "known_questions": [
            "Q8",
            "Q7",
            "Q0"
        ],
        "llm_answers": [
            [
                0.2428743002868789,
                0.2343705305134618,
                0.5227551691996593,
                0.0
            ],
            [
                0.024291140365436,
                0.2590775894107472,
                0.5480719915992281,
                0.1685592786245885
            ],
            [
                0.0036504523965515,
                0.14594368150511,
                0.4857562253716176,
                0.3646496407267209
            ]
        ],
        "final_answer": 2,
        "judge": "2",
        "text_id": "65c9bb67f174b28977037793"
    },
    {
        "known_questions": [
            "Q4"
        ],
        "llm_answers": [
            [
                0.0022066417497908,
                0.1337509100120649,
                0.8618563673550257,
                0.0021860808831184
            ]
        ],
        "final_answer": 4,
        "judge": "2",
        "text_id": "65c9e7d9f174b28977037a3f"
    },
    {
        "known_questions": [
            "Q6",
            "Q1",
            "Q4",
            "Q2",
            "Q5"
        ],
        "llm_answers": [
            [
                0.0058260606344888,
                0.3711468350270903,
                0.622950876681769,
                7.622765665207623e-05
            ],
            [
                0.0018310811069461,
                0.1086104645204486,
                0.8442315550068028,
                0.0453268993658023
            ],
            [
                0.003481310390888,
                0.083696500954455,
                0.9127049445587878,
                0.000117244095869
            ],
            [
                0.0010056256053651,
                0.0264882977399949,
                0.9461111309631476,
                0.0263949456914925
            ],
            [
                0.0660027681877139,
                0.1211945473043297,
                0.6582804678119711,
                0.1545222166959851
            ]
        ],
        "final_answer": 4,
        "judge": "2",
        "text_id": "65c9bac3f174b2897703777e"
    },
    {
        "known_questions": [
            "Q7"
        ],
        "llm_answers": [
            [
                0.0326755246363458,
                0.2426147308940299,
                0.6206099380995251,
                0.104099806370099
            ]
        ],
        "final_answer": 3,
        "judge": "2",
        "text_id": "65c9bde8f174b289770377d8"
    },
    {
        "known_questions": [
            "Q5",
            "Q7",
            "Q4"
        ],
        "llm_answers": [
            [
                0.0816979901000042,
                0.2941670492144467,
                0.4764076763441437,
                0.1477272843414052
            ],
            [
                0.0085855011561097,
                0.2387856454259608,
                0.6418428029115928,
                0.1107860505063367
            ],
            [
                0.007003796419447,
                0.2177388366664808,
                0.7737170959561146,
                0.0015402709579574
            ]
        ],
        "final_answer": 2,
        "judge": "2",
        "text_id": "65c9c078f174b28977037818"
    },
    {
        "known_questions": [
            "Q3",
            "Q8",
            "Q0"
        ],
        "llm_answers": [
            [
                0.1274669201465638,
                0.6476268690288413,
                0.2247721182307602,
                0.0001340925938345
            ],
            [
                0.20132740448713,
                0.269925328846669,
                0.5287472666662009,
                0.0
            ],
            [
                0.005067827724871,
                0.1602270655965369,
                0.4072054825451611,
                0.427499624133431
            ]
        ],
        "final_answer": 4,
        "judge": "2",
        "text_id": "65c9bac3f174b2897703777e"
    },
    {
        "known_questions": [
            "Q5",
            "Q1",
            "Q8"
        ],
        "llm_answers": [
            [
                0.0401933319380746,
                0.3327541435633105,
                0.500293541761692,
                0.1267589827369226
            ],
            [
                0.0139478048556802,
                0.237112790656643,
                0.6025072315525056,
                0.1464321729351708
            ],
            [
                0.3470672454229488,
                0.286213762227458,
                0.3667187303917963,
                0.0
            ]
        ],
        "final_answer": 4,
        "judge": "2",
        "text_id": "65c9e7d9f174b28977037a3f"
    },
    {
        "known_questions": [
            "Q7",
            "Q6"
        ],
        "llm_answers": [
            [
                0.0326755246363458,
                0.2426147308940299,
                0.6206099380995251,
                0.104099806370099
            ],
            [
                0.0115955811358621,
                0.442539970407864,
                0.5455609977839267,
                0.000303450672347
            ]
        ],
        "final_answer": 3,
        "judge": "2",
        "text_id": "65c9bde8f174b289770377d8"
    },
    {
        "known_questions": [
            "Q2",
            "Q8"
        ],
        "llm_answers": [
            [
                0.0052072022049952,
                0.0858391680774945,
                0.8801289023842307,
                0.0288247273332794
            ],
            [
                0.3121514025987397,
                0.2741883653151099,
                0.4136596336938898,
                0.0
            ]
        ],
        "final_answer": 3,
        "judge": "2",
        "text_id": "65c9bde8f174b289770377d8"
    },
    {
        "known_questions": [
            "Q2",
            "Q8",
            "Q5",
            "Q4"
        ],
        "llm_answers": [
            [
                0.0016978363054217,
                0.0368461405427546,
                0.954858449328675,
                0.0065975738231483
            ],
            [
                0.2895055485711328,
                0.1699527849486143,
                0.5405416664802528,
                0.0
            ],
            [
                0.0304832397906336,
                0.1529319448466366,
                0.6772403943254115,
                0.1393444210373182
            ],
            [
                0.0063798684029517,
                0.1554108057594007,
                0.8381374517899483,
                7.187404769935827e-05
            ]
        ],
        "final_answer": 1,
        "judge": "2",
        "text_id": "65c9e641f174b28977037a04"
    },
    {
        "known_questions": [
            "Q5"
        ],
        "llm_answers": [
            [
                0.0396760045156289,
                0.1252174573559762,
                0.7666039186774826,
                0.0685026194509122
            ]
        ],
        "final_answer": 2,
        "judge": "2",
        "text_id": "65c9dfe8f174b2897703796d"
    },
    {
        "known_questions": [
            "Q8"
        ],
        "llm_answers": [
            [
                0.3664171399857461,
                0.1280036028952897,
                0.5055790020137234,
                0.0
            ]
        ],
        "final_answer": 1,
        "judge": "2",
        "text_id": "65c6213df174b2897703747f"
    },
    {
        "known_questions": [
            "Q7",
            "Q2",
            "Q4",
            "Q5",
            "Q1"
        ],
        "llm_answers": [
            [
                0.041211181408325,
                0.2356380904489031,
                0.4586362961946069,
                0.2645144319481649
            ],
            [
                0.0038287423324339,
                0.0901507777169865,
                0.8953170635900926,
                0.0107034163604871
            ],
            [
                0.0022066417497908,
                0.1337509100120649,
                0.8618563673550257,
                0.0021860808831184
            ],
            [
                0.0401933319380746,
                0.3327541435633105,
                0.500293541761692,
                0.1267589827369226
            ],
            [
                0.0139478048556802,
                0.237112790656643,
                0.6025072315525056,
                0.1464321729351708
            ]
        ],
        "final_answer": 4,
        "judge": "2",
        "text_id": "65c9e7d9f174b28977037a3f"
    },
    {
        "known_questions": [
            "Q6",
            "Q4",
            "Q3"
        ],
        "llm_answers": [
            [
                0.0069838052548247,
                0.543573011688979,
                0.4493958538196827,
                4.732923651349111e-05
            ],
            [
                0.0073684805703085,
                0.1580703079080079,
                0.8341855593275143,
                0.0003756521941691
            ],
            [
                0.3926213399232586,
                0.566066388643507,
                0.0412120819981582,
                0.0001001894350761
            ]
        ],
        "final_answer": 3,
        "judge": "2",
        "text_id": "65c9e117f174b28977037986"
    },
    {
        "known_questions": [
            "Q2",
            "Q1"
        ],
        "llm_answers": [
            [
                0.0150564612231825,
                0.189660762579642,
                0.7323676750816355,
                0.0629151011155401
            ],
            [
                0.0014700191366954,
                0.1498051453862491,
                0.7306564589346477,
                0.1180683765424075
            ]
        ],
        "final_answer": 2,
        "judge": "2",
        "text_id": "65c9b894f174b28977037769"
    },
    {
        "known_questions": [
            "Q7",
            "Q8",
            "Q1",
            "Q4",
            "Q6",
            "Q0"
        ],
        "llm_answers": [
            [
                0.024291140365436,
                0.2590775894107472,
                0.5480719915992281,
                0.1685592786245885
            ],
            [
                0.2428743002868789,
                0.2343705305134618,
                0.5227551691996593,
                0.0
            ],
            [
                0.0022369303730879,
                0.1631522570092105,
                0.761171289198936,
                0.0734395234187654
            ],
            [
                0.0008064820700758,
                0.0541769307848958,
                0.944382615033372,
                0.0006339721116563
            ],
            [
                0.0020176065389916,
                0.3445040433323059,
                0.6534109955283165,
                6.735460038599803e-05
            ],
            [
                0.0036504523965515,
                0.14594368150511,
                0.4857562253716176,
                0.3646496407267209
            ]
        ],
        "final_answer": 2,
        "judge": "2",
        "text_id": "65c9bb67f174b28977037793"
    },
    {
        "known_questions": [
            "Q3",
            "Q8",
            "Q5",
            "Q0"
        ],
        "llm_answers": [
            [
                0.0281674037735147,
                0.4836180850852767,
                0.4867868340455966,
                0.0014276770956118
            ],
            [
                0.4506540695740456,
                0.1926408193565063,
                0.3567048237047961,
                0.0
            ],
            [
                0.0563248598129747,
                0.2121935006766769,
                0.4945725219410386,
                0.2369091175693098
            ],
            [
                0.0060920401699476,
                0.1129527544302745,
                0.3904043624934557,
                0.4905508429063221
            ]
        ],
        "final_answer": 2,
        "judge": "2",
        "text_id": "65c9b894f174b28977037769"
    },
    {
        "known_questions": [
            "Q4",
            "Q2",
            "Q3"
        ],
        "llm_answers": [
            [
                0.0071964507749346,
                0.2042386486758894,
                0.7872152960896747,
                0.0013496044595012
            ],
            [
                0.0073906319099729,
                0.1092088102603802,
                0.8401810380436333,
                0.0432195197860135
            ],
            [
                0.0039666940519037,
                0.1631656455670493,
                0.8297068248055629,
                0.0031608355754839
            ]
        ],
        "final_answer": 2,
        "judge": "2",
        "text_id": "65c622bff174b28977037486"
    },
    {
        "known_questions": [
            "Q6",
            "Q7",
            "Q3",
            "Q8"
        ],
        "llm_answers": [
            [
                0.0410967322240393,
                0.5645325482135521,
                0.3939764596415543,
                0.0003942599208541
            ],
            [
                0.068252520671301,
                0.3080211859918896,
                0.5600099583258974,
                0.063716335010912
            ],
            [
                0.0039666940519037,
                0.1631656455670493,
                0.8297068248055629,
                0.0031608355754839
            ],
            [
                0.3223472144750369,
                0.2807553839367692,
                0.3968971465470634,
                0.0
            ]
        ],
        "final_answer": 2,
        "judge": "2",
        "text_id": "65c622bff174b28977037486"
    },
    {
        "known_questions": [
            "Q1",
            "Q4",
            "Q2",
            "Q3",
            "Q6",
            "Q8",
            "Q7"
        ],
        "llm_answers": [
            [
                0.0005703364925931,
                0.0674337440064595,
                0.8089368911498427,
                0.1230590283511046
            ],
            [
                0.0063798684029517,
                0.1554108057594007,
                0.8381374517899483,
                7.187404769935827e-05
            ],
            [
                0.0016978363054217,
                0.0368461405427546,
                0.954858449328675,
                0.0065975738231483
            ],
            [
                0.0609434403644348,
                0.6810234409416329,
                0.2577901616130414,
                0.0002429570808908
            ],
            [
                0.0048224234530481,
                0.7108028407276552,
                0.2843673797305457,
                7.356088750927814e-06
            ],
            [
                0.2895055485711328,
                0.1699527849486143,
                0.5405416664802528,
                0.0
            ],
            [
                0.0311879711254071,
                0.2353982073880257,
                0.6054229711494866,
                0.1279908503370806
            ]
        ],
        "final_answer": 1,
        "judge": "2",
        "text_id": "65c9e641f174b28977037a04"
    },
    {
        "known_questions": [
            "Q7"
        ],
        "llm_answers": [
            [
                0.041211181408325,
                0.2356380904489031,
                0.4586362961946069,
                0.2645144319481649
            ]
        ],
        "final_answer": 4,
        "judge": "2",
        "text_id": "65c9e7d9f174b28977037a3f"
    },
    {
        "known_questions": [
            "Q4",
            "Q2",
            "Q1",
            "Q7",
            "Q5",
            "Q3"
        ],
        "llm_answers": [
            [
                0.0057022992147935,
                0.2196217754932519,
                0.7728298009994624,
                0.0018461242924918
            ],
            [
                0.0150564612231825,
                0.189660762579642,
                0.7323676750816355,
                0.0629151011155401
            ],
            [
                0.0014700191366954,
                0.1498051453862491,
                0.7306564589346477,
                0.1180683765424075
            ],
            [
                0.0521994333846916,
                0.2944056682188921,
                0.5444630284840728,
                0.1089318699123435
            ],
            [
                0.0563248598129747,
                0.2121935006766769,
                0.4945725219410386,
                0.2369091175693098
            ],
            [
                0.0281674037735147,
                0.4836180850852767,
                0.4867868340455966,
                0.0014276770956118
            ]
        ],
        "final_answer": 2,
        "judge": "2",
        "text_id": "65c9b894f174b28977037769"
    },
    {
        "known_questions": [
            "Q7",
            "Q2",
            "Q0"
        ],
        "llm_answers": [
            [
                0.0326755246363458,
                0.2426147308940299,
                0.6206099380995251,
                0.104099806370099
            ],
            [
                0.0052072022049952,
                0.0858391680774945,
                0.8801289023842307,
                0.0288247273332794
            ],
            [
                0.0016156944041455,
                0.0608103154063833,
                0.2833175167068478,
                0.6542564734826233
            ]
        ],
        "final_answer": 3,
        "judge": "2",
        "text_id": "65c9bde8f174b289770377d8"
    },
    {
        "known_questions": [
            "Q3",
            "Q8",
            "Q0"
        ],
        "llm_answers": [
            [
                0.0087685425181167,
                0.2408137234968489,
                0.7489819639672167,
                0.0014357700178175
            ],
            [
                0.3121514025987397,
                0.2741883653151099,
                0.4136596336938898,
                0.0
            ],
            [
                0.0016156944041455,
                0.0608103154063833,
                0.2833175167068478,
                0.6542564734826233
            ]
        ],
        "final_answer": 3,
        "judge": "2",
        "text_id": "65c9bde8f174b289770377d8"
    },
    {
        "known_questions": [
            "Q3"
        ],
        "llm_answers": [
            [
                0.0609434403644348,
                0.6810234409416329,
                0.2577901616130414,
                0.0002429570808908
            ]
        ],
        "final_answer": 1,
        "judge": "2",
        "text_id": "65c9e641f174b28977037a04"
    },
    {
        "known_questions": [
            "Q6",
            "Q3",
            "Q8",
            "Q5",
            "Q1"
        ],
        "llm_answers": [
            [
                0.0020176065389916,
                0.3445040433323059,
                0.6534109955283165,
                6.735460038599803e-05
            ],
            [
                0.3993617987555534,
                0.4748974613201903,
                0.1254111964158957,
                0.0003295435083605
            ],
            [
                0.2428743002868789,
                0.2343705305134618,
                0.5227551691996593,
                0.0
            ],
            [
                0.0247990066580214,
                0.1221241314371148,
                0.7579855318997498,
                0.0950913300051138
            ],
            [
                0.0022369303730879,
                0.1631522570092105,
                0.761171289198936,
                0.0734395234187654
            ]
        ],
        "final_answer": 2,
        "judge": "2",
        "text_id": "65c9bb67f174b28977037793"
    },
    {
        "known_questions": [
            "Q7",
            "Q1",
            "Q0"
        ],
        "llm_answers": [
            [
                0.037970199862819,
                0.3425746663667189,
                0.5253053895916584,
                0.0941497441788035
            ],
            [
                0.0115419239186773,
                0.3230494361392325,
                0.6146253803557388,
                0.0507832595863513
            ],
            [
                0.0036156580712398,
                0.0796672733187518,
                0.3457619311979325,
                0.5709551374120757
            ]
        ],
        "final_answer": 3,
        "judge": "2",
        "text_id": "65c9b659f174b2897703774d"
    },
    {
        "known_questions": [
            "Q7"
        ],
        "llm_answers": [
            [
                0.0085855011561097,
                0.2387856454259608,
                0.6418428029115928,
                0.1107860505063367
            ]
        ],
        "final_answer": 2,
        "judge": "2",
        "text_id": "65c9c078f174b28977037818"
    },
    {
        "known_questions": [
            "Q7",
            "Q0"
        ],
        "llm_answers": [
            [
                0.0286450438247441,
                0.1807527793683858,
                0.6135910953374658,
                0.177011081469404
            ],
            [
                0.0116677515285438,
                0.2139600374421521,
                0.5066513815172414,
                0.2677208295120625
            ]
        ],
        "final_answer": 4,
        "judge": "2",
        "text_id": "65c9e2f0f174b289770379ac"
    },
    {
        "known_questions": [
            "Q1",
            "Q4",
            "Q8",
            "Q5",
            "Q2",
            "Q7"
        ],
        "llm_answers": [
            [
                0.0344766397609178,
                0.3724127142933359,
                0.5125976278909311,
                0.0805130180548151
            ],
            [
                0.0071964507749346,
                0.2042386486758894,
                0.7872152960896747,
                0.0013496044595012
            ],
            [
                0.3223472144750369,
                0.2807553839367692,
                0.3968971465470634,
                0.0
            ],
            [
                0.0498372206225851,
                0.2145264641877918,
                0.6011163663001305,
                0.1345199488894923
            ],
            [
                0.0073906319099729,
                0.1092088102603802,
                0.8401810380436333,
                0.0432195197860135
            ],
            [
                0.068252520671301,
                0.3080211859918896,
                0.5600099583258974,
                0.063716335010912
            ]
        ],
        "final_answer": 2,
        "judge": "2",
        "text_id": "65c622bff174b28977037486"
    },
    {
        "known_questions": [
            "Q2",
            "Q6",
            "Q1"
        ],
        "llm_answers": [
            [
                0.0094616420078159,
                0.1014641406293409,
                0.8274934168625844,
                0.0615808005002586
            ],
            [
                0.0423973767456896,
                0.6683392748737816,
                0.2884597008565018,
                0.0008036475240268
            ],
            [
                0.0115419239186773,
                0.3230494361392325,
                0.6146253803557388,
                0.0507832595863513
            ]
        ],
        "final_answer": 3,
        "judge": "2",
        "text_id": "65c9b659f174b2897703774d"
    },
    {
        "known_questions": [
            "Q2",
            "Q5",
            "Q0"
        ],
        "llm_answers": [
            [
                0.0007357060394162,
                0.1027436095207659,
                0.8918951340966755,
                0.0046255503431421
            ],
            [
                0.0816979901000042,
                0.2941670492144467,
                0.4764076763441437,
                0.1477272843414052
            ],
            [
                0.0015033758079829,
                0.0482939270159843,
                0.2060661879876776,
                0.7441365091883549
            ]
        ],
        "final_answer": 2,
        "judge": "2",
        "text_id": "65c9c078f174b28977037818"
    },
    {
        "known_questions": [
            "Q3",
            "Q2",
            "Q1"
        ],
        "llm_answers": [
            [
                0.0048014939728281,
                0.2005678741354622,
                0.7915157070819582,
                0.0031149248097514
            ],
            [
                0.0007357060394162,
                0.1027436095207659,
                0.8918951340966755,
                0.0046255503431421
            ],
            [
                0.0086070712208719,
                0.2253617751286,
                0.6902564811909934,
                0.0757746724595347
            ]
        ],
        "final_answer": 2,
        "judge": "2",
        "text_id": "65c9c078f174b28977037818"
    },
    {
        "known_questions": [
            "Q1",
            "Q3",
            "Q8",
            "Q7",
            "Q2",
            "Q4",
            "Q0"
        ],
        "llm_answers": [
            [
                0.001578240942437,
                0.1447183441479563,
                0.8125077553933736,
                0.041195659516233
            ],
            [
                0.3926213399232586,
                0.566066388643507,
                0.0412120819981582,
                0.0001001894350761
            ],
            [
                0.1484720195159626,
                0.3919244610121019,
                0.4596030856483884,
                0.0
            ],
            [
                0.0437966545391771,
                0.4475241192738736,
                0.4697478841509959,
                0.0389313420359534
            ],
            [
                0.0917129930601401,
                0.3258716721560131,
                0.5815432350952522,
                0.0008720996885946
            ],
            [
                0.0073684805703085,
                0.1580703079080079,
                0.8341855593275143,
                0.0003756521941691
            ],
            [
                0.0018784468311837,
                0.0454773673700202,
                0.3280064857324534,
                0.6246377000663428
            ]
        ],
        "final_answer": 3,
        "judge": "2",
        "text_id": "65c9e117f174b28977037986"
    },
    {
        "known_questions": [
            "Q1",
            "Q0"
        ],
        "llm_answers": [
            [
                0.0035881928444709,
                0.1102244443101871,
                0.8112838799672065,
                0.0749034828781354
            ],
            [
                0.0116677515285438,
                0.2139600374421521,
                0.5066513815172414,
                0.2677208295120625
            ]
        ],
        "final_answer": 4,
        "judge": "2",
        "text_id": "65c9e2f0f174b289770379ac"
    },
    {
        "known_questions": [
            "Q4",
            "Q3",
            "Q1"
        ],
        "llm_answers": [
            [
                0.0008064820700758,
                0.0541769307848958,
                0.944382615033372,
                0.0006339721116563
            ],
            [
                0.3993617987555534,
                0.4748974613201903,
                0.1254111964158957,
                0.0003295435083605
            ],
            [
                0.0022369303730879,
                0.1631522570092105,
                0.761171289198936,
                0.0734395234187654
            ]
        ],
        "final_answer": 2,
        "judge": "2",
        "text_id": "65c9bb67f174b28977037793"
    },
    {
        "known_questions": [
            "Q2",
            "Q4",
            "Q5",
            "Q6",
            "Q8",
            "Q3",
            "Q1"
        ],
        "llm_answers": [
            [
                0.0094616420078159,
                0.1014641406293409,
                0.8274934168625844,
                0.0615808005002586
            ],
            [
                0.0028680768710988,
                0.103513446838492,
                0.8841726203036193,
                0.0094458559867898
            ],
            [
                0.0585322341448155,
                0.2716520755529964,
                0.5520591926057424,
                0.1177564976964455
            ],
            [
                0.0423973767456896,
                0.6683392748737816,
                0.2884597008565018,
                0.0008036475240268
            ],
            [
                0.2522561531128141,
                0.1662592391541325,
                0.5814839565738203,
                0.0
            ],
            [
                0.0047732230044396,
                0.1924960548057481,
                0.7988211824283538,
                0.0039095397614583
            ],
            [
                0.0115419239186773,
                0.3230494361392325,
                0.6146253803557388,
                0.0507832595863513
            ]
        ],
        "final_answer": 3,
        "judge": "2",
        "text_id": "65c9b659f174b2897703774d"
    },
    {
        "known_questions": [
            "Q4",
            "Q7",
            "Q8",
            "Q5",
            "Q1",
            "Q3",
            "Q2",
            "Q0"
        ],
        "llm_answers": [
            [
                0.0057022992147935,
                0.2196217754932519,
                0.7728298009994624,
                0.0018461242924918
            ],
            [
                0.0521994333846916,
                0.2944056682188921,
                0.5444630284840728,
                0.1089318699123435
            ],
            [
                0.4506540695740456,
                0.1926408193565063,
                0.3567048237047961,
                0.0
            ],
            [
                0.0563248598129747,
                0.2121935006766769,
                0.4945725219410386,
                0.2369091175693098
            ],
            [
                0.0014700191366954,
                0.1498051453862491,
                0.7306564589346477,
                0.1180683765424075
            ],
            [
                0.0281674037735147,
                0.4836180850852767,
                0.4867868340455966,
                0.0014276770956118
            ],
            [
                0.0150564612231825,
                0.189660762579642,
                0.7323676750816355,
                0.0629151011155401
            ],
            [
                0.0060920401699476,
                0.1129527544302745,
                0.3904043624934557,
                0.4905508429063221
            ]
        ],
        "final_answer": 2,
        "judge": "2",
        "text_id": "65c9b894f174b28977037769"
    },
    {
        "known_questions": [
            "Q7",
            "Q5",
            "Q8"
        ],
        "llm_answers": [
            [
                0.068252520671301,
                0.3080211859918896,
                0.5600099583258974,
                0.063716335010912
            ],
            [
                0.0498372206225851,
                0.2145264641877918,
                0.6011163663001305,
                0.1345199488894923
            ],
            [
                0.3223472144750369,
                0.2807553839367692,
                0.3968971465470634,
                0.0
            ]
        ],
        "final_answer": 2,
        "judge": "2",
        "text_id": "65c622bff174b28977037486"
    },
    {
        "known_questions": [
            "Q8",
            "Q1",
            "Q4"
        ],
        "llm_answers": [
            [
                0.1769160276302094,
                0.3499601881366578,
                0.4731232521096049,
                0.0
            ],
            [
                0.0086070712208719,
                0.2253617751286,
                0.6902564811909934,
                0.0757746724595347
            ],
            [
                0.007003796419447,
                0.2177388366664808,
                0.7737170959561146,
                0.0015402709579574
            ]
        ],
        "final_answer": 2,
        "judge": "2",
        "text_id": "65c9c078f174b28977037818"
    },
    {
        "known_questions": [
            "Q6",
            "Q5",
            "Q8",
            "Q4",
            "Q1"
        ],
        "llm_answers": [
            [
                0.0345651689564447,
                0.575932834694752,
                0.3885489648299112,
                0.000953031518892
            ],
            [
                0.0816979901000042,
                0.2941670492144467,
                0.4764076763441437,
                0.1477272843414052
            ],
            [
                0.1769160276302094,
                0.3499601881366578,
                0.4731232521096049,
                0.0
            ],
            [
                0.007003796419447,
                0.2177388366664808,
                0.7737170959561146,
                0.0015402709579574
            ],
            [
                0.0086070712208719,
                0.2253617751286,
                0.6902564811909934,
                0.0757746724595347
            ]
        ],
        "final_answer": 2,
        "judge": "2",
        "text_id": "65c9c078f174b28977037818"
    },
    {
        "known_questions": [
            "Q8",
            "Q5"
        ],
        "llm_answers": [
            [
                0.3664171399857461,
                0.1280036028952897,
                0.5055790020137234,
                0.0
            ],
            [
                0.0385375099367407,
                0.1881457166293956,
                0.6951954652996231,
                0.0781213081342405
            ]
        ],
        "final_answer": 1,
        "judge": "2",
        "text_id": "65c6213df174b2897703747f"
    },
    {
        "known_questions": [
            "Q7",
            "Q8"
        ],
        "llm_answers": [
            [
                0.0521994333846916,
                0.2944056682188921,
                0.5444630284840728,
                0.1089318699123435
            ],
            [
                0.4506540695740456,
                0.1926408193565063,
                0.3567048237047961,
                0.0
            ]
        ],
        "final_answer": 2,
        "judge": "2",
        "text_id": "65c9b894f174b28977037769"
    },
    {
        "known_questions": [
            "Q5",
            "Q8",
            "Q6"
        ],
        "llm_answers": [
            [
                0.0660027681877139,
                0.1211945473043297,
                0.6582804678119711,
                0.1545222166959851
            ],
            [
                0.20132740448713,
                0.269925328846669,
                0.5287472666662009,
                0.0
            ],
            [
                0.0058260606344888,
                0.3711468350270903,
                0.622950876681769,
                7.622765665207623e-05
            ]
        ],
        "final_answer": 4,
        "judge": "2",
        "text_id": "65c9bac3f174b2897703777e"
    },
    {
        "known_questions": [
            "Q2",
            "Q6",
            "Q1"
        ],
        "llm_answers": [
