[
    {
        "known_questions": [
            "Q2",
            "Q8",
            "Q6",
            "Q1",
            "Q7"
        ],
        "llm_answers": [
            [
                0.0201899884472775,
                0.1441087985994376,
                0.8311717482742009,
                0.0045294646790838
            ],
            [
                0.1717618704340414,
                0.3437880876649921,
                0.4844500419009664,
                0.0
            ],
            [
                0.0025598392075752,
                0.4463708224242048,
                0.5510241221096082,
                4.521625861175202e-05
            ],
            [
                7.723281989387231e-05,
                0.0319884569005517,
                0.8791038408042507,
                0.0888304694753037
            ],
            [
                0.0175178427064592,
                0.0906686311722153,
                0.5531819078584107,
                0.3386316182629146
            ]
        ],
        "final_answer": 3,
        "judge": "7",
        "text_id": "65c5cf8cf174b289770373b9"
    },
    {
        "known_questions": [
            "Q5"
        ],
        "llm_answers": [
            [
                0.0645433658560701,
                0.2496103836363188,
                0.5050034882801844,
                0.1808427622274267
            ]
        ],
        "final_answer": 4,
        "judge": "7",
        "text_id": "65c70e7df174b289770374f6"
    },
    {
        "known_questions": [
            "Q8",
            "Q5",
            "Q3",
            "Q4",
            "Q1",
            "Q6",
            "Q0"
        ],
        "llm_answers": [
            [
                0.3116077889177125,
                0.2732757914140074,
                0.41511641966828,
                0.0
            ],
            [
                0.0312665213973439,
                0.1921933547338995,
                0.4607938307639033,
                0.3157462931048531
            ],
            [
                0.0068730566142291,
                0.3285321260371988,
                0.6634189355543599,
                0.0011758817942122
            ],
            [
                0.0109450056778227,
                0.2772917912407888,
                0.7108296078915223,
                0.0009335951898661
            ],
            [
                0.01688301509673,
                0.2895147057224837,
                0.6196225006553072,
                0.0739797785254789
            ],
            [
                0.0354725768000172,
                0.6524881600108103,
                0.3112103385938196,
                0.0008289245953527
            ],
            [
                0.0609876695361215,
                0.2759765990892689,
                0.4887683655649749,
                0.1742673658096345
            ]
        ],
        "final_answer": 3,
        "judge": "7",
        "text_id": "65c73a1cf174b28977037591"
    },
    {
        "known_questions": [
            "Q7",
            "Q1",
            "Q0"
        ],
        "llm_answers": [
            [
                0.0383159629939386,
                0.2651611349759935,
                0.5608345811087876,
                0.1356883209212802
            ],
            [
                0.0043451205662292,
                0.1743672324687648,
                0.7349106495620453,
                0.0863769974029605
            ],
            [
                0.0036417783385742,
                0.1542774827198733,
                0.4684782692343773,
                0.3736024697071752
            ]
        ],
        "final_answer": 2,
        "judge": "7",
        "text_id": "65c76b8ef174b289770375a3"
    },
    {
        "known_questions": [
            "Q3",
            "Q8",
            "Q4",
            "Q7",
            "Q2",
            "Q0"
        ],
        "llm_answers": [
            [
                0.0032001253201848,
                0.0758106490522468,
                0.903485784952702,
                0.0175034406748663
            ],
            [
                0.3147076913392128,
                0.2423066187997261,
                0.4429852368071161,
                0.0
            ],
            [
                0.0040735919738056,
                0.1103196277366896,
                0.8780736018288106,
                0.0075331784606941
            ],
            [
                0.0794133762517169,
                0.29273911523997,
                0.4971801924805165,
                0.1306673160277964
            ],
            [
                0.0036106469973191,
                0.0608564419515852,
                0.8958649085680223,
                0.0396680024830734
            ],
            [
                0.0003307620027976,
                0.0124965025979114,
                0.1460619742771619,
                0.8411107611221289
            ]
        ],
        "final_answer": 4,
        "judge": "7",
        "text_id": "65c9ccf8f174b289770378fe"
    },
    {
        "known_questions": [
            "Q6"
        ],
        "llm_answers": [
            [
                0.0314522996000206,
                0.6857889996382006,
                0.2826975504183251,
                6.115034345360014e-05
            ]
        ],
        "final_answer": 2,
        "judge": "7",
        "text_id": "65c9ece5f174b28977037abe"
    },
    {
        "known_questions": [
            "Q4",
            "Q1"
        ],
        "llm_answers": [
            [
                0.0032827698168248,
                0.1376536878035446,
                0.8588001858338679,
                0.0002633565457628
            ],
            [
                0.023719609301202,
                0.2932939952510645,
                0.6257457401590838,
                0.0572406552886496
            ]
        ],
        "final_answer": 1,
        "judge": "7",
        "text_id": "65c9aea5f174b289770376f1"
    },
    {
        "known_questions": [
            "Q6",
            "Q2",
            "Q3",
            "Q1",
            "Q0"
        ],
        "llm_answers": [
            [
                0.0354725768000172,
                0.6524881600108103,
                0.3112103385938196,
                0.0008289245953527
            ],
            [
                0.0207227789262698,
                0.2091254741192194,
                0.7539779748156491,
                0.0161737721388616
            ],
            [
                0.0068730566142291,
                0.3285321260371988,
                0.6634189355543599,
                0.0011758817942122
            ],
            [
                0.01688301509673,
                0.2895147057224837,
                0.6196225006553072,
                0.0739797785254789
            ],
            [
                0.0609876695361215,
                0.2759765990892689,
                0.4887683655649749,
                0.1742673658096345
            ]
        ],
        "final_answer": 3,
        "judge": "7",
        "text_id": "65c73a1cf174b28977037591"
    },
    {
        "known_questions": [
            "Q8",
            "Q5"
        ],
        "llm_answers": [
            [
                0.3013439792046886,
                0.2500441245077006,
                0.448611698847864,
                0.0
            ],
            [
                0.0724813702679412,
                0.2758592486608403,
                0.5564449071699639,
                0.0952144739012545
            ]
        ],
        "final_answer": 4,
        "judge": "7",
        "text_id": "65c7770cf174b289770375ab"
    },
    {
        "known_questions": [
            "Q2",
            "Q4",
            "Q5",
            "Q6",
            "Q8",
            "Q3",
            "Q1"
        ],
        "llm_answers": [
            [
                0.0035471058932716,
                0.0897486090919394,
                0.8839094715683046,
                0.0227948134464844
            ],
            [
                0.009476031996019,
                0.2471120216650381,
                0.7416200224108277,
                0.001791923928115
            ],
            [
                0.0724813702679412,
                0.2758592486608403,
                0.5564449071699639,
                0.0952144739012545
            ],
            [
                0.037259227340262,
                0.7340046237503718,
                0.2285994460163214,
                0.0001367028930447
            ],
            [
                0.3013439792046886,
                0.2500441245077006,
                0.448611698847864,
                0.0
            ],
            [
                0.0037026385779184,
                0.1799042553518656,
                0.814928447299008,
                0.0014646587712078
            ],
            [
                0.0051869975146262,
                0.2258115984017921,
                0.6953842539864308,
                0.0736171500971507
            ]
        ],
        "final_answer": 4,
        "judge": "7",
        "text_id": "65c7770cf174b289770375ab"
    },
    {
        "known_questions": [
            "Q6",
            "Q3",
            "Q2",
            "Q7"
        ],
        "llm_answers": [
            [
                0.0196510690937924,
                0.5860063019171705,
                0.3937435636198885,
                0.0005990653691485
            ],
            [
                0.0058021456320217,
                0.3707602160384131,
                0.622618981925573,
                0.0008186564039922
            ],
            [
                0.0030542560494524,
                0.1376778235805582,
                0.8509360543427359,
                0.0083318660272533
            ],
            [
                0.0130416606634228,
                0.4348162551420219,
                0.5452912741505667,
                0.0068508100439885
            ]
        ],
        "final_answer": 4,
        "judge": "7",
        "text_id": "65c709e9f174b289770374ec"
    },
    {
        "known_questions": [
            "Q4",
            "Q8",
            "Q7"
        ],
        "llm_answers": [
            [
                0.0068513917455216,
                0.232684999677524,
                0.7601486651312854,
                0.0003149434456689
            ],
            [
                0.3687545332223317,
                0.2537249486785097,
                0.3775194652978966,
                0.0
            ],
            [
                0.0369585933709223,
                0.3259826267938439,
                0.5893939985237697,
                0.047664781311464
            ]
        ],
        "final_answer": 4,
        "judge": "7",
        "text_id": "65c5c73ef174b289770373a2"
    },
    {
        "known_questions": [
            "Q2",
            "Q1"
        ],
        "llm_answers": [
            [
                0.0030542560494524,
                0.1376778235805582,
                0.8509360543427359,
                0.0083318660272533
            ],
            [
                0.0105114940629882,
                0.3077398647429343,
                0.613520348267913,
                0.0682282929261643
            ]
        ],
        "final_answer": 4,
        "judge": "7",
        "text_id": "65c709e9f174b289770374ec"
    },
    {
        "known_questions": [
            "Q1",
            "Q4",
            "Q2",
            "Q3",
            "Q6",
            "Q8",
            "Q7"
        ],
        "llm_answers": [
            [
                0.0004354754790442,
                0.0312002251280064,
                0.8180175166987623,
                0.150346782694187
            ],
            [
                0.0017506555823218,
                0.0370597745052573,
                0.9587346347849224,
                0.0024549351274983
            ],
            [
                0.0056820002447272,
                0.055962696033373,
                0.8609956537474457,
                0.077359649974454
            ],
            [
                0.5437372305537321,
                0.3818466690429032,
                0.0742554249332588,
                0.0001606754701056
            ],
            [
                0.0025225375617028,
                0.2921000743120612,
                0.7049114300603151,
                0.0004659580659207
            ],
            [
                0.4395052768547334,
                0.3238805333435628,
                0.2366141898017037,
                0.0
            ],
            [
                0.0213932905509427,
                0.1605588187200144,
                0.5774252386955676,
                0.2406226520334752
            ]
        ],
        "final_answer": 1,
        "judge": "7",
        "text_id": "65c70385f174b289770374db"
    },
    {
        "known_questions": [
            "Q2",
            "Q4",
            "Q5",
            "Q6",
            "Q8",
            "Q3",
            "Q1"
        ],
        "llm_answers": [
            [
                0.0062560283314524,
                0.2069347097998225,
                0.7840349605681538,
                0.0027743013005711
            ],
            [
                0.0062858636563623,
                0.2644500662661029,
                0.7260427142090645,
                0.0032213558684699
            ],
            [
                0.0876467404702812,
                0.3393565154158088,
                0.4815149370455304,
                0.0914818070683795
            ],
            [
                0.1164462771806537,
                0.7487657517228264,
                0.1346314609556846,
                0.0001565101408351
            ],
            [
                0.4421180003950815,
                0.1000599409253278,
                0.4578206326635157,
                0.0
            ],
            [
                0.0066892713808327,
                0.2272909822028004,
                0.7637092214508255,
                0.0023105249655412
            ],
            [
                0.0221937807385409,
                0.3628142164064962,
                0.542672199085379,
                0.0723198037695839
            ]
        ],
        "final_answer": 4,
        "judge": "7",
        "text_id": "65c6fffdf174b289770374cd"
    },
    {
        "known_questions": [
            "Q1",
            "Q3",
            "Q6",
            "Q2"
        ],
        "llm_answers": [
            [
                0.0105114940629882,
                0.3077398647429343,
                0.613520348267913,
                0.0682282929261643
            ],
            [
                0.0058021456320217,
                0.3707602160384131,
                0.622618981925573,
                0.0008186564039922
            ],
            [
                0.0196510690937924,
                0.5860063019171705,
                0.3937435636198885,
                0.0005990653691485
            ],
            [
                0.0030542560494524,
                0.1376778235805582,
                0.8509360543427359,
                0.0083318660272533
            ]
        ],
        "final_answer": 4,
        "judge": "7",
        "text_id": "65c709e9f174b289770374ec"
    },
    {
        "known_questions": [
            "Q1",
            "Q3",
            "Q4",
            "Q2",
            "Q0"
        ],
        "llm_answers": [
            [
                0.0014161021003263,
                0.069990533516267,
                0.8178403753670216,
                0.1107529890163851
            ],
            [
                0.1471152287793571,
                0.6159852503199285,
                0.2366762915262339,
                0.0002232293744804
            ],
            [
                0.0041418364882754,
                0.0931814144170396,
                0.9008179461811052,
                0.0018588029135795
            ],
            [
                0.0068495132201508,
                0.0667258401869242,
                0.9126418514304198,
                0.0137827951625051
            ],
            [
                0.0008416220237391,
                0.0650457541033828,
                0.2998474758541311,
                0.6342651480187467
            ]
        ],
        "final_answer": 4,
        "judge": "7",
        "text_id": "65c9f033f174b28977037b08"
    },
    {
        "known_questions": [
            "Q2",
            "Q6"
        ],
        "llm_answers": [
            [
                0.0023643486187565,
                0.0801573805100206,
                0.8850695172910985,
                0.0324087535801244
            ],
            [
                0.0314522996000206,
                0.6857889996382006,
                0.2826975504183251,
                6.115034345360014e-05
            ]
        ],
        "final_answer": 2,
        "judge": "7",
        "text_id": "65c9ece5f174b28977037abe"
    },
    {
        "known_questions": [
            "Q1",
            "Q6",
            "Q7"
        ],
        "llm_answers": [
            [
                0.0004354754790442,
                0.0312002251280064,
                0.8180175166987623,
                0.150346782694187
            ],
            [
                0.0025225375617028,
                0.2921000743120612,
                0.7049114300603151,
                0.0004659580659207
            ],
            [
                0.0213932905509427,
                0.1605588187200144,
                0.5774252386955676,
                0.2406226520334752
            ]
        ],
        "final_answer": 1,
        "judge": "7",
        "text_id": "65c70385f174b289770374db"
    },
    {
        "known_questions": [
            "Q8",
            "Q6",
            "Q2",
            "Q3",
            "Q5",
            "Q1",
            "Q7"
        ],
        "llm_answers": [
            [
                0.3673365546059217,
                0.3115559604324362,
                0.3211069259626173,
                0.0
            ],
            [
                0.0284503551290881,
                0.6874902124915329,
                0.2838900862671393,
                0.0001693461122397
            ],
            [
                0.0044366901188993,
                0.0703642364931778,
                0.9003007135900963,
                0.0248983597978263
            ],
            [
                0.0022279625452563,
                0.1404291668337243,
                0.8559905967681629,
                0.0013522738528565
            ],
            [
                0.0948476404481824,
                0.306620743101457,
                0.5108711058807047,
                0.0876605105696558
            ],
            [
                0.023719609301202,
                0.2932939952510645,
                0.6257457401590838,
                0.0572406552886496
            ],
            [
                0.0541388859013142,
                0.3226357267591984,
                0.5409380195693101,
                0.0822873677701772
            ]
        ],
        "final_answer": 1,
        "judge": "7",
        "text_id": "65c9aea5f174b289770376f1"
    },
    {
        "known_questions": [
            "Q1"
        ],
        "llm_answers": [
            [
                0.0105114940629882,
                0.3077398647429343,
                0.613520348267913,
                0.0682282929261643
            ]
        ],
        "final_answer": 4,
        "judge": "7",
        "text_id": "65c709e9f174b289770374ec"
    },
    {
        "known_questions": [
            "Q7",
            "Q3",
            "Q5"
        ],
        "llm_answers": [
            [
                0.0215299564814432,
                0.2107013209383987,
                0.6013643858586613,
                0.1664043367214967
            ],
            [
                0.03184666769768,
                0.4411045850629702,
                0.52477067186673,
                0.0022780753726196
            ],
            [
                0.0414090476908362,
                0.2289981672417513,
                0.5859396513392539,
                0.1436531337281586
            ]
        ],
        "final_answer": 1,
        "judge": "7",
        "text_id": "65c706f8f174b289770374e4"
    },
    {
        "known_questions": [
            "Q6",
            "Q4"
        ],
        "llm_answers": [
            [
                0.0033034749228207,
                0.3803244717349287,
                0.6163486670628416,
                2.338627940891963e-05
            ],
            [
                0.0041418364882754,
                0.0931814144170396,
                0.9008179461811052,
                0.0018588029135795
            ]
        ],
        "final_answer": 4,
        "judge": "7",
        "text_id": "65c9f033f174b28977037b08"
    },
    {
        "known_questions": [
            "Q3",
            "Q8",
            "Q5"
        ],
        "llm_answers": [
            [
                0.0062640607976835,
                0.2912040035054121,
                0.6990885425521237,
                0.0034433931447805
            ],
            [
                0.3382043853821767,
                0.1676076620364915,
                0.4941876499266591,
                0.0
            ],
            [
                0.0367956300271484,
                0.2038590021324289,
                0.5105325971071882,
                0.2488127707332343
            ]
        ],
        "final_answer": 4,
        "judge": "7",
        "text_id": "65c729b5f174b28977037559"
    },
    {
        "known_questions": [
            "Q8",
            "Q6",
            "Q2"
        ],
        "llm_answers": [
            [
                0.2268075694713661,
                0.328841294351952,
                0.4443506692833107,
                0.0
            ],
            [
                0.0487280009944589,
                0.6548660650867055,
                0.2955690064480745,
                0.0008369274707609
            ],
            [
                0.0059092777022782,
                0.1440495889138483,
                0.8469534697241337,
                0.0030876636597397
            ]
        ],
        "final_answer": 2,
        "judge": "7",
        "text_id": "65c7276bf174b2897703754a"
    },
    {
        "known_questions": [
            "Q4",
            "Q3",
            "Q1"
        ],
        "llm_answers": [
            [
                0.0063833406990464,
                0.1969161455188496,
                0.7936841378724587,
                0.0030163759096451
            ],
            [
                0.0086159060606599,
                0.2459599546978023,
                0.7414672600291105,
                0.0039568792124271
            ],
            [
                0.0050275159073923,
                0.2305897382748441,
                0.6840539622818921,
                0.0803287835358714
            ]
        ],
        "final_answer": 4,
        "judge": "7",
        "text_id": "65c70e7df174b289770374f6"
    },
    {
        "known_questions": [
            "Q4",
            "Q3",
            "Q7",
            "Q2",
            "Q0"
        ],
        "llm_answers": [
            [
                0.005719779120073,
                0.2604720832110369,
                0.7315842508389523,
                0.0022238868299378
            ],
            [
                0.0054803802734718,
                0.2353611378903342,
                0.7579299230159963,
                0.0012285588201976
            ],
            [
                0.0382322885684347,
                0.3661969520684464,
                0.5284876352327567,
                0.0670831241303621
            ],
            [
                0.0059092777022782,
                0.1440495889138483,
                0.8469534697241337,
                0.0030876636597397
            ],
            [
                0.0134602891287534,
                0.2316376980238892,
                0.4513344480254366,
                0.3035675648219208
            ]
        ],
        "final_answer": 2,
        "judge": "7",
        "text_id": "65c7276bf174b2897703754a"
    },
    {
        "known_questions": [
            "Q3",
            "Q2",
            "Q1"
        ],
        "llm_answers": [
            [
                0.1471152287793571,
                0.6159852503199285,
                0.2366762915262339,
                0.0002232293744804
            ],
            [
                0.0068495132201508,
                0.0667258401869242,
                0.9126418514304198,
                0.0137827951625051
            ],
            [
                0.0014161021003263,
                0.069990533516267,
                0.8178403753670216,
                0.1107529890163851
            ]
        ],
        "final_answer": 4,
        "judge": "7",
        "text_id": "65c9f033f174b28977037b08"
    },
    {
        "known_questions": [
            "Q4",
            "Q7",
            "Q8",
            "Q5",
            "Q1",
            "Q3",
            "Q2",
            "Q0"
        ],
        "llm_answers": [
            [
                0.0103438738396537,
                0.3180280685989278,
                0.6695950622164277,
                0.0020329953449905
            ],
            [
                0.0210392671411016,
                0.2906209833648941,
                0.5546569727605839,
                0.1336827767334203
            ],
            [
                0.3382043853821767,
                0.1676076620364915,
                0.4941876499266591,
                0.0
            ],
            [
                0.0367956300271484,
                0.2038590021324289,
                0.5105325971071882,
                0.2488127707332343
            ],
            [
                0.0155549705999096,
                0.35603799058134,
                0.5784536603272613,
                0.049953378491489
            ],
            [
                0.0062640607976835,
                0.2912040035054121,
                0.6990885425521237,
                0.0034433931447805
            ],
            [
                0.0071658723290886,
                0.1086250672318784,
                0.8700283545209696,
                0.0141807059180633
            ],
            [
                0.0052096884436284,
                0.1833916177968792,
                0.5170512784898031,
                0.2943474152696892
            ]
        ],
        "final_answer": 4,
        "judge": "7",
        "text_id": "65c729b5f174b28977037559"
    },
    {
        "known_questions": [
            "Q7",
            "Q6",
            "Q5"
        ],
        "llm_answers": [
            [
                0.0442183218286869,
                0.4179041183206098,
                0.4997594907544423,
                0.0381180690962607
            ],
            [
                0.037259227340262,
                0.7340046237503718,
                0.2285994460163214,
                0.0001367028930447
            ],
            [
                0.0724813702679412,
                0.2758592486608403,
                0.5564449071699639,
                0.0952144739012545
            ]
        ],
        "final_answer": 4,
        "judge": "7",
        "text_id": "65c7770cf174b289770375ab"
    },
    {
        "known_questions": [
            "Q4",
            "Q0"
        ],
        "llm_answers": [
            [
                0.0125831646891703,
                0.3216506712504677,
                0.6644239367785139,
                0.0013422272818478
            ],
            [
                0.0085931769695999,
                0.1957545175454987,
                0.4277890382335563,
                0.3678632672513451
            ]
        ],
        "final_answer": 1,
        "judge": "7",
        "text_id": "65c706f8f174b289770374e4"
    },
    {
        "known_questions": [
            "Q4",
            "Q1",
            "Q6"
        ],
        "llm_answers": [
            [
                0.0041418364882754,
                0.0931814144170396,
                0.9008179461811052,
                0.0018588029135795
            ],
            [
                0.0014161021003263,
                0.069990533516267,
                0.8178403753670216,
                0.1107529890163851
            ],
            [
                0.0033034749228207,
                0.3803244717349287,
                0.6163486670628416,
                2.338627940891963e-05
            ]
        ],
        "final_answer": 4,
        "judge": "7",
        "text_id": "65c9f033f174b28977037b08"
    },
    {
        "known_questions": [
            "Q1",
            "Q3",
            "Q4",
            "Q0"
        ],
        "llm_answers": [
            [
                7.723281989387231e-05,
                0.0319884569005517,
                0.8791038408042507,
                0.0888304694753037
            ],
            [
                0.4278199010679673,
                0.5117463464176059,
                0.0600703343664511,
                0.0003634181479756
            ],
            [
                0.0014391233829128,
                0.053037974996569,
                0.9447707470525548,
                0.0007521545679632
            ],
            [
                0.0012628227329495,
                0.0712886893047004,
                0.3761419803991337,
                0.5513065075632162
            ]
        ],
        "final_answer": 3,
        "judge": "7",
        "text_id": "65c5cf8cf174b289770373b9"
    },
    {
        "known_questions": [
            "Q5",
            "Q1"
        ],
        "llm_answers": [
            [
                0.0414090476908362,
                0.2289981672417513,
                0.5859396513392539,
                0.1436531337281586
            ],
            [
                0.0274625935537946,
                0.315570983597617,
                0.5532783964926105,
                0.1036880263559778
            ]
        ],
        "final_answer": 1,
        "judge": "7",
        "text_id": "65c706f8f174b289770374e4"
    },
    {
        "known_questions": [
            "Q6",
            "Q5",
            "Q8",
            "Q4",
            "Q1"
        ],
        "llm_answers": [
            [
                0.0314522996000206,
                0.6857889996382006,
                0.2826975504183251,
                6.115034345360014e-05
            ],
            [
                0.0744624376149579,
                0.2946743372875711,
                0.5535935787456783,
                0.0772696463517927
            ],
            [
                0.2829462201072265,
                0.2047452952869173,
                0.5123074251672788,
                0.0
            ],
            [
                0.0105094203810611,
                0.2546364735440045,
                0.7330065619926015,
                0.0018475440823327
            ],
            [
                0.0006511291111431,
                0.1247433804839696,
                0.7702051985519314,
                0.1044002918529559
            ]
        ],
        "final_answer": 2,
        "judge": "7",
        "text_id": "65c9ece5f174b28977037abe"
    },
    {
        "known_questions": [
            "Q8",
            "Q6",
            "Q7",
            "Q2"
        ],
        "llm_answers": [
            [
                0.4395052768547334,
                0.3238805333435628,
                0.2366141898017037,
                0.0
            ],
            [
                0.0025225375617028,
                0.2921000743120612,
                0.7049114300603151,
                0.0004659580659207
            ],
            [
                0.0213932905509427,
                0.1605588187200144,
                0.5774252386955676,
                0.2406226520334752
            ],
            [
                0.0056820002447272,
                0.055962696033373,
                0.8609956537474457,
                0.077359649974454
            ]
        ],
        "final_answer": 1,
        "judge": "7",
        "text_id": "65c70385f174b289770374db"
    },
    {
        "known_questions": [
            "Q6",
            "Q3",
            "Q2",
            "Q7"
        ],
        "llm_answers": [
            [
                0.037259227340262,
                0.7340046237503718,
                0.2285994460163214,
                0.0001367028930447
            ],
            [
                0.0037026385779184,
                0.1799042553518656,
                0.814928447299008,
                0.0014646587712078
            ],
            [
                0.0035471058932716,
                0.0897486090919394,
                0.8839094715683046,
                0.0227948134464844
            ],
            [
                0.0442183218286869,
                0.4179041183206098,
                0.4997594907544423,
                0.0381180690962607
            ]
        ],
        "final_answer": 4,
        "judge": "7",
        "text_id": "65c7770cf174b289770375ab"
    },
    {
        "known_questions": [
            "Q8",
            "Q0"
        ],
        "llm_answers": [
            [
                0.466017711424843,
                0.1333745453428609,
                0.4006075784306412,
                0.0
            ],
            [
                0.0036417783385742,
                0.1542774827198733,
                0.4684782692343773,
                0.3736024697071752
            ]
        ],
        "final_answer": 2,
        "judge": "7",
        "text_id": "65c76b8ef174b289770375a3"
    },
    {
        "known_questions": [
            "Q8",
            "Q1",
            "Q4"
        ],
        "llm_answers": [
            [
                0.3457914566746855,
                0.3508866956619555,
                0.3033215205890384,
                0.0
            ],
            [
                0.0105114940629882,
                0.3077398647429343,
                0.613520348267913,
                0.0682282929261643
            ],
            [
                0.0009994792977544,
                0.108510979579514,
                0.8899083342009306,
                0.0005812069218007
            ]
        ],
        "final_answer": 4,
        "judge": "7",
        "text_id": "65c709e9f174b289770374ec"
    },
    {
        "known_questions": [
            "Q2",
            "Q8",
            "Q6",
            "Q1",
            "Q7"
        ],
        "llm_answers": [
            [
                0.0036106469973191,
                0.0608564419515852,
                0.8958649085680223,
                0.0396680024830734
            ],
            [
                0.3147076913392128,
                0.2423066187997261,
                0.4429852368071161,
                0.0
            ],
            [
                0.055015678280487,
                0.5757847968223291,
                0.3689537635864738,
                0.00024576131071
            ],
            [
                0.0009575453490725,
                0.1459830184426253,
                0.7735378505192856,
                0.0795215856890165
            ],
            [
                0.0794133762517169,
                0.29273911523997,
                0.4971801924805165,
                0.1306673160277964
            ]
        ],
        "final_answer": 4,
        "judge": "7",
        "text_id": "65c9ccf8f174b289770378fe"
    },
    {
        "known_questions": [
            "Q6",
            "Q3",
            "Q4",
            "Q2",
            "Q0"
        ],
        "llm_answers": [
            [
                0.0354725768000172,
                0.6524881600108103,
                0.3112103385938196,
                0.0008289245953527
            ],
            [
                0.0068730566142291,
                0.3285321260371988,
                0.6634189355543599,
                0.0011758817942122
            ],
            [
                0.0109450056778227,
                0.2772917912407888,
                0.7108296078915223,
                0.0009335951898661
            ],
            [
                0.0207227789262698,
                0.2091254741192194,
                0.7539779748156491,
                0.0161737721388616
            ],
            [
                0.0609876695361215,
                0.2759765990892689,
                0.4887683655649749,
                0.1742673658096345
            ]
        ],
        "final_answer": 3,
        "judge": "7",
        "text_id": "65c73a1cf174b28977037591"
    },
    {
        "known_questions": [
            "Q4",
            "Q2",
            "Q7",
            "Q3",
            "Q8",
            "Q1"
        ],
        "llm_answers": [
            [
                0.009476031996019,
                0.2471120216650381,
                0.7416200224108277,
                0.001791923928115
            ],
            [
                0.0035471058932716,
                0.0897486090919394,
                0.8839094715683046,
                0.0227948134464844
            ],
            [
                0.0442183218286869,
                0.4179041183206098,
                0.4997594907544423,
                0.0381180690962607
            ],
            [
                0.0037026385779184,
                0.1799042553518656,
                0.814928447299008,
                0.0014646587712078
            ],
            [
                0.3013439792046886,
                0.2500441245077006,
                0.448611698847864,
                0.0
            ],
            [
                0.0051869975146262,
                0.2258115984017921,
                0.6953842539864308,
                0.0736171500971507
            ]
        ],
        "final_answer": 4,
        "judge": "7",
        "text_id": "65c7770cf174b289770375ab"
    },
    {
        "known_questions": [
            "Q4",
            "Q5",
            "Q3",
            "Q0"
        ],
        "llm_answers": [
            [
                0.0103438738396537,
                0.3180280685989278,
                0.6695950622164277,
                0.0020329953449905
            ],
            [
                0.0367956300271484,
                0.2038590021324289,
                0.5105325971071882,
                0.2488127707332343
            ],
            [
                0.0062640607976835,
                0.2912040035054121,
                0.6990885425521237,
                0.0034433931447805
            ],
            [
                0.0052096884436284,
                0.1833916177968792,
                0.5170512784898031,
                0.2943474152696892
            ]
        ],
        "final_answer": 4,
        "judge": "7",
        "text_id": "65c729b5f174b28977037559"
    },
    {
        "known_questions": [
            "Q6",
            "Q1",
            "Q2",
            "Q4"
        ],
        "llm_answers": [
            [
                0.0196510690937924,
                0.5860063019171705,
                0.3937435636198885,
                0.0005990653691485
            ],
            [
                0.0105114940629882,
                0.3077398647429343,
                0.613520348267913,
                0.0682282929261643
            ],
            [
                0.0030542560494524,
                0.1376778235805582,
                0.8509360543427359,
                0.0083318660272533
            ],
            [
                0.0009994792977544,
                0.108510979579514,
                0.8899083342009306,
                0.0005812069218007
            ]
        ],
        "final_answer": 4,
        "judge": "7",
        "text_id": "65c709e9f174b289770374ec"
