[
    {
        "known_questions": [
            "Q3",
            "Q2",
            "Q1"
        ],
        "llm_answers": [
            [
                0.0304690276390022,
                0.4266265372112147,
                0.5422512638257462,
                0.0006531713240369
            ],
            [
                0.0074203824976704,
                0.1016805163852995,
                0.8219029442544766,
                0.0689961568625533
            ],
            [
                0.0001806924308239,
                0.032097550848124,
                0.8672659868682697,
                0.1004557698527821
            ]
        ],
        "final_answer": 1,
        "judge": "15",
        "text_id": "65c9c0fcf174b28977037825"
    },
    {
        "known_questions": [
            "Q1"
        ],
        "llm_answers": [
            [
                0.0059573647516832,
                0.2641520878312029,
                0.6668236562585679,
                0.063066891158546
            ]
        ],
        "final_answer": 3,
        "judge": "15",
        "text_id": "65c9be48f174b289770377de"
    },
    {
        "known_questions": [
            "Q6",
            "Q2",
            "Q4"
        ],
        "llm_answers": [
            [
                0.0061448180699479,
                0.2730621804285096,
                0.7193599198360687,
                0.0014330816654736
            ],
            [
                0.0106168124089517,
                0.0580756935524663,
                0.8105201247767058,
                0.1207873692618761
            ],
            [
                0.0841029712438422,
                0.3220708319153675,
                0.5920976651815254,
                0.0017285316592649
            ]
        ],
        "final_answer": 2,
        "judge": "15",
        "text_id": "65c9bf9ef174b289770377fe"
    },
    {
        "known_questions": [
            "Q8",
            "Q1"
        ],
        "llm_answers": [
            [
                0.6130781837857291,
                0.2729025551663354,
                0.1140192610479355,
                0.0
            ],
            [
                0.0234386498146766,
                0.1302675693899575,
                0.7097430415980859,
                0.1365507391972798
            ]
        ],
        "final_answer": 4,
        "judge": "15",
        "text_id": "65c9d7f6f174b28977037923"
    },
    {
        "known_questions": [
            "Q2"
        ],
        "llm_answers": [
            [
                0.0082576286264645,
                0.1245452564016973,
                0.8618038952633803,
                0.0053932197084578
            ]
        ],
        "final_answer": 4,
        "judge": "15",
        "text_id": "65c9d8e5f174b28977037939"
    },
    {
        "known_questions": [
            "Q6",
            "Q3"
        ],
        "llm_answers": [
            [
                0.0504424054830825,
                0.5924363848773115,
                0.3567998213301164,
                0.0003213883094894
            ],
            [
                0.0147370298143776,
                0.3406061625646905,
                0.6433913762593818,
                0.00126543136155
            ]
        ],
        "final_answer": 2,
        "judge": "15",
        "text_id": "65c99962f174b289770376a7"
    },
    {
        "known_questions": [
            "Q6",
            "Q3",
            "Q4",
            "Q2",
            "Q0"
        ],
        "llm_answers": [
            [
                0.0266559939717756,
                0.5669637903293695,
                0.4052703761660474,
                0.0011098395328076
            ],
            [
                0.0103457771895114,
                0.589550472477495,
                0.3992607193467593,
                0.0008430309862342
            ],
            [
                0.0141750025039904,
                0.2645050189255417,
                0.7196605239172055,
                0.0016594546532624
            ],
            [
                0.0080393338508127,
                0.0996470582481624,
                0.8742600184712931,
                0.0180535894297317
            ],
            [
                0.0219121464664529,
                0.2607712838991904,
                0.3182914321011612,
                0.3990251375331953
            ]
        ],
        "final_answer": 4,
        "judge": "15",
        "text_id": "65c96204f174b28977037687"
    },
    {
        "known_questions": [
            "Q1",
            "Q5",
            "Q2",
            "Q4",
            "Q0"
        ],
        "llm_answers": [
            [
                0.0095268319925122,
                0.2924274605192911,
                0.6450622396299075,
                0.052983467858289
            ],
            [
                0.0338936523626332,
                0.3108964973733736,
                0.5793352067592628,
                0.0758746435047304
            ],
            [
                0.0026153503645987,
                0.1242494540719757,
                0.8689447906337989,
                0.0041904049296265
            ],
            [
                0.0019508229388021,
                0.1918925353186968,
                0.8059246916378375,
                0.0002319501046635
            ],
            [
                0.0026956810682156,
                0.1495454093096913,
                0.3636077177134646,
                0.4841511919086283
            ]
        ],
        "final_answer": 4,
        "judge": "15",
        "text_id": "65c964abf174b2897703768c"
    },
    {
        "known_questions": [
            "Q8",
            "Q0"
        ],
        "llm_answers": [
            [
                0.4031443730912546,
                0.1944584165759241,
                0.4023968874039451,
                0.0
            ],
            [
                0.0219121464664529,
                0.2607712838991904,
                0.3182914321011612,
                0.3990251375331953
            ]
        ],
        "final_answer": 4,
        "judge": "15",
        "text_id": "65c96204f174b28977037687"
    },
    {
        "known_questions": [
            "Q1",
            "Q4",
            "Q2",
            "Q3",
            "Q6",
            "Q8",
            "Q7"
        ],
        "llm_answers": [
            [
                0.0839999277244147,
                0.4485436039083104,
                0.4339828158146167,
                0.0334736525526581
            ],
            [
                0.0110162042629043,
                0.3055709835410541,
                0.683226051708127,
                0.0001867604879145
            ],
            [
                0.0036769276892272,
                0.1168691036669102,
                0.8658250318688916,
                0.0136289367749709
            ],
            [
                0.0147370298143776,
                0.3406061625646905,
                0.6433913762593818,
                0.00126543136155
            ],
            [
                0.0504424054830825,
                0.5924363848773115,
                0.3567998213301164,
                0.0003213883094894
            ],
            [
                0.6487377362339418,
                0.0740786740004513,
                0.2771833195206626,
                0.0
            ],
            [
                0.0554956160472614,
                0.4015862490962284,
                0.4773468461823725,
                0.0655712886741375
            ]
        ],
        "final_answer": 2,
        "judge": "15",
        "text_id": "65c99962f174b289770376a7"
    },
    {
        "known_questions": [
            "Q7",
            "Q8",
            "Q1",
            "Q4",
            "Q6",
            "Q0"
        ],
        "llm_answers": [
            [
                0.0467821099283094,
                0.1305593696756279,
                0.6522119353671273,
                0.1704465850289353
            ],
            [
                0.5112686995655065,
                0.2035436509483646,
                0.2851876494861289,
                0.0
            ],
            [
                0.0154469752892658,
                0.231594502882007,
                0.652638638888522,
                0.100319882940205
            ],
            [
                0.0054940530935257,
                0.1198246772507745,
                0.8725877844251644,
                0.0020934852305354
            ],
            [
                0.0099095347029663,
                0.5082933771548616,
                0.4815363082637079,
                0.0002607798784641
            ],
            [
                0.0177677685943415,
                0.2306802754387201,
                0.362229816562911,
                0.3893221394040273
            ]
        ],
        "final_answer": 3,
        "judge": "15",
        "text_id": "65c96644f174b28977037693"
    },
    {
        "known_questions": [
            "Q1",
            "Q4",
            "Q8",
            "Q5",
            "Q2",
            "Q7"
        ],
        "llm_answers": [
            [
                0.0091639175937241,
                0.2453160237388441,
                0.6345549215274121,
                0.1109651371400198
            ],
            [
                0.0044311254269956,
                0.1784831856098352,
                0.815696923358327,
                0.001388765604842
            ],
            [
                0.3558982859517225,
                0.2155546505880242,
                0.4285467083477199,
                0.0
            ],
            [
                0.0315378798642991,
                0.2341463292849992,
                0.6314431466877273,
                0.1028726441629743
            ],
            [
                0.0082576286264645,
                0.1245452564016973,
                0.8618038952633803,
                0.0053932197084578
            ],
            [
                0.0293817784722453,
                0.3399492366001755,
                0.5702794092246406,
                0.0603895757029386
            ]
        ],
        "final_answer": 4,
        "judge": "15",
        "text_id": "65c9d8e5f174b28977037939"
    },
    {
        "known_questions": [
            "Q2",
            "Q3"
        ],
        "llm_answers": [
            [
                0.0036769276892272,
                0.1168691036669102,
                0.8658250318688916,
                0.0136289367749709
            ],
            [
                0.0147370298143776,
                0.3406061625646905,
                0.6433913762593818,
                0.00126543136155
            ]
        ],
        "final_answer": 2,
        "judge": "15",
        "text_id": "65c99962f174b289770376a7"
    },
    {
        "known_questions": [
            "Q3",
            "Q4",
            "Q1",
            "Q2"
        ],
        "llm_answers": [
            [
                0.0052668378266772,
                0.3489352411612215,
                0.644866390981442,
                0.0009315300306593
            ],
            [
                0.0019508229388021,
                0.1918925353186968,
                0.8059246916378375,
                0.0002319501046635
            ],
            [
                0.0095268319925122,
                0.2924274605192911,
                0.6450622396299075,
                0.052983467858289
            ],
            [
                0.0026153503645987,
                0.1242494540719757,
                0.8689447906337989,
                0.0041904049296265
            ]
        ],
        "final_answer": 4,
        "judge": "15",
        "text_id": "65c964abf174b2897703768c"
    },
    {
        "known_questions": [
            "Q7",
            "Q6"
        ],
        "llm_answers": [
            [
                0.0500943665742172,
                0.4708383636435684,
                0.4503143201426308,
                0.0287529496395835
            ],
            [
                0.0192448821529793,
                0.7005026390870419,
                0.2802049397735088,
                4.75389864700496e-05
            ]
        ],
        "final_answer": 4,
        "judge": "15",
        "text_id": "65c966f2f174b28977037698"
    },
    {
        "known_questions": [
            "Q7",
            "Q4",
            "Q3"
        ],
        "llm_answers": [
            [
                0.0834175285170112,
                0.4663824946154262,
                0.4102463616631003,
                0.0399536152044622
            ],
            [
                0.1863796448621279,
                0.2474069606837482,
                0.5645105795717004,
                0.0017028148824234
            ],
            [
                0.8404179797508804,
                0.148237930738578,
                0.0112502890653665,
                9.38004451748745e-05
            ]
        ],
        "final_answer": 4,
        "judge": "15",
        "text_id": "65c9c22ef174b2897703784e"
    },
    {
        "known_questions": [
            "Q4",
            "Q2",
            "Q3"
        ],
        "llm_answers": [
            [
                0.0054940530935257,
                0.1198246772507745,
                0.8725877844251644,
                0.0020934852305354
            ],
            [
                0.0142277661100784,
                0.1261523010168083,
                0.8518234484645274,
                0.0077964844085858
            ],
            [
                0.0191323052145521,
                0.3204176108176913,
                0.6598336440519021,
                0.0006164399158544
            ]
        ],
        "final_answer": 3,
        "judge": "15",
        "text_id": "65c96644f174b28977037693"
    },
    {
        "known_questions": [
            "Q7",
            "Q1",
            "Q2",
            "Q6"
        ],
        "llm_answers": [
            [
                0.0467821099283094,
                0.1305593696756279,
                0.6522119353671273,
                0.1704465850289353
            ],
            [
                0.0154469752892658,
                0.231594502882007,
                0.652638638888522,
                0.100319882940205
            ],
            [
                0.0142277661100784,
                0.1261523010168083,
                0.8518234484645274,
                0.0077964844085858
            ],
            [
                0.0099095347029663,
                0.5082933771548616,
                0.4815363082637079,
                0.0002607798784641
            ]
        ],
        "final_answer": 3,
        "judge": "15",
        "text_id": "65c96644f174b28977037693"
    },
    {
        "known_questions": [
            "Q5",
            "Q8",
            "Q4",
            "Q6",
            "Q3",
            "Q2"
        ],
        "llm_answers": [
            [
                0.0876970365233306,
                0.2223771485427341,
                0.462565009307278,
                0.2273608056266572
            ],
            [
                0.3992789986368562,
                0.2332654690718189,
                0.3674550716758816,
                0.0
            ],
            [
                0.0021617595536097,
                0.1498354958922425,
                0.8477561353837894,
                0.0002466091703583
            ],
            [
                0.0208978941089691,
                0.4451698272168924,
                0.5334198011408632,
                0.0005124775332751
            ],
            [
                0.0277612967548813,
                0.4759213681482392,
                0.4955373095070635,
                0.0007800255898159
            ],
            [
                0.0052815911041501,
                0.1414897530432673,
                0.8490551625907051,
                0.0041734932618774
            ]
        ],
        "final_answer": 2,
        "judge": "15",
        "text_id": "65c9ac70f174b289770376e1"
    },
    {
        "known_questions": [
            "Q7",
            "Q2",
            "Q4",
            "Q5",
            "Q1"
        ],
        "llm_answers": [
            [
                0.0123098468146169,
                0.2116142615071194,
                0.6668274362259159,
                0.1092484554523476
            ],
            [
                0.0843746612459689,
                0.2899247000667345,
                0.6213159534817333,
                0.0043846852055631
            ],
            [
                0.2357798675200106,
                0.3834947553576803,
                0.3806170703392721,
                0.000108306783037
            ],
            [
                0.0621783575789683,
                0.2241136502343929,
                0.6747597558810378,
                0.0389482363056009
            ],
            [
                0.0234386498146766,
                0.1302675693899575,
                0.7097430415980859,
                0.1365507391972798
            ]
        ],
        "final_answer": 4,
        "judge": "15",
        "text_id": "65c9d7f6f174b28977037923"
    },
    {
        "known_questions": [
            "Q7",
            "Q2",
            "Q0"
        ],
        "llm_answers": [
            [
                0.0245671932302369,
                0.1304134964296445,
                0.5028140120486634,
                0.3422052982914551
            ],
            [
                0.0126510950978596,
                0.1816439732727196,
                0.7967031422237362,
                0.0090017894056845
            ],
            [
                0.04465256281808,
                0.3360238379131156,
                0.3529892148439789,
                0.2663343844248255
            ]
        ],
        "final_answer": 4,
        "judge": "15",
        "text_id": "65c9b28ef174b2897703770b"
    },
    {
        "known_questions": [
            "Q7",
            "Q4",
            "Q3"
        ],
        "llm_answers": [
            [
                0.0439110871934308,
                0.2517561206845137,
                0.5310032511166014,
                0.1733295410054539
            ],
            [
                0.0841029712438422,
                0.3220708319153675,
                0.5920976651815254,
                0.0017285316592649
            ],
            [
                0.7802622862636237,
                0.1926226083750815,
                0.0268643566828089,
                0.0002507486784858
            ]
        ],
        "final_answer": 2,
        "judge": "15",
        "text_id": "65c9bf9ef174b289770377fe"
    },
    {
        "known_questions": [
            "Q8",
            "Q5",
            "Q2",
            "Q0"
        ],
        "llm_answers": [
            [
                0.4420021540759726,
                0.0919373342533137,
                0.4660599414342897,
                0.0
            ],
            [
                0.1034571945151397,
                0.0319355576085027,
                0.4694596946601229,
                0.3951475532162346
            ],
            [
                0.0106168124089517,
                0.0580756935524663,
                0.8105201247767058,
                0.1207873692618761
            ],
            [
                0.0250979739242381,
                0.1933991954017085,
                0.3160892538916228,
                0.4654135767824304
            ]
        ],
        "final_answer": 2,
        "judge": "15",
        "text_id": "65c9bf9ef174b289770377fe"
    },
    {
        "known_questions": [
            "Q8",
            "Q1"
        ],
        "llm_answers": [
            [
                0.2765415514304585,
                0.2656472726375858,
                0.4578108539141812,
                0.0
            ],
            [
                0.0297829532481573,
                0.3429058402242984,
                0.543377364704372,
                0.0839338418231721
            ]
        ],
        "final_answer": 4,
        "judge": "15",
        "text_id": "65c9a1b9f174b289770376b6"
    },
    {
        "known_questions": [
            "Q2",
            "Q3"
        ],
        "llm_answers": [
            [
                0.0084959727194149,
                0.0911367069586676,
                0.8879222416981013,
                0.0124450786238161
            ],
            [
                0.0547064767252207,
                0.5910773016469063,
                0.353619510820729,
                0.0005967108071438
            ]
        ],
        "final_answer": 1,
        "judge": "15",
        "text_id": "65c9c181f174b28977037839"
    },
    {
        "known_questions": [
            "Q8",
            "Q4",
            "Q0"
        ],
        "llm_answers": [
            [
                0.3459387000001406,
                0.1831123303786019,
                0.4709484131193215,
                0.0
            ],
            [
                0.0147753180372167,
                0.3809957607491076,
                0.6031417166424604,
                0.0010872045712151
            ],
            [
                0.4273373121412532,
                0.3081284107620006,
                0.1661740673320278,
                0.0983602097647183
            ]
        ],
        "final_answer": 3,
        "judge": "15",
        "text_id": "65c9ab5ef174b289770376d8"
    },
    {
        "known_questions": [
            "Q7",
            "Q8",
            "Q1",
            "Q4",
            "Q6",
            "Q0"
        ],
        "llm_answers": [
            [
                0.0247266518697041,
                0.2985433609126258,
                0.5999054653015862,
                0.0768245219160838
            ],
            [
                0.5703204935417219,
                0.1971001296971976,
                0.2325793767610806,
                0.0
            ],
            [
                0.0010246673483627,
                0.0649268545561985,
                0.8604105867194795,
                0.073637891375959
            ],
            [
                0.0047360305108505,
                0.0560415477574624,
                0.9377628481293276,
                0.0014595736023592
            ],
            [
                0.0025299530316533,
                0.4330988565233651,
                0.5643547866121463,
                1.6403832835160294e-05
            ],
            [
                0.0018168597913088,
                0.0867121334486481,
                0.3481360046898797,
                0.5633350020701632
            ]
        ],
        "final_answer": 3,
        "judge": "15",
        "text_id": "65c9b31ef174b28977037718"
    },
    {
        "known_questions": [
            "Q6",
            "Q7",
            "Q3"
        ],
        "llm_answers": [
            [
                0.0742073012884971,
                0.671818030190851,
                0.2536129397334417,
                0.0003617287872103
            ],
            [
                0.0319644404447849,
                0.3080195172986376,
                0.5514015495624149,
                0.1086144926941624
            ],
            [
                0.0487273229182375,
                0.4525277640663216,
                0.495670612445949,
                0.0030743005694917
            ]
        ],
        "final_answer": 3,
        "judge": "15",
        "text_id": "65c9ab5ef174b289770376d8"
    },
    {
        "known_questions": [
            "Q5",
            "Q0"
        ],
        "llm_answers": [
            [
                0.0381735181182923,
                0.1906140364936663,
                0.5730777989223984,
                0.1981346464656429
            ],
            [
                0.04465256281808,
                0.3360238379131156,
                0.3529892148439789,
                0.2663343844248255
            ]
        ],
        "final_answer": 4,
        "judge": "15",
        "text_id": "65c9b28ef174b2897703770b"
    },
    {
        "known_questions": [
            "Q5"
        ],
        "llm_answers": [
            [
                0.0876970365233306,
                0.2223771485427341,
                0.462565009307278,
                0.2273608056266572
            ]
        ],
        "final_answer": 2,
        "judge": "15",
        "text_id": "65c9ac70f174b289770376e1"
    },
    {
        "known_questions": [
            "Q1",
            "Q3",
            "Q8"
        ],
        "llm_answers": [
            [
                0.2073473682116427,
                0.2858347064076985,
                0.4166778553547723,
                0.0901400700258862
            ],
            [
                0.8404179797508804,
                0.148237930738578,
                0.0112502890653665,
                9.38004451748745e-05
            ],
            [
                0.6815996822407042,
                0.0955250808128357,
                0.22287523694646,
                0.0
            ]
        ],
        "final_answer": 4,
        "judge": "15",
        "text_id": "65c9c22ef174b2897703784e"
    },
    {
        "known_questions": [
            "Q3",
            "Q4",
            "Q6",
            "Q2"
        ],
        "llm_answers": [
            [
                0.2937802263193667,
                0.4438652646008059,
                0.2610175791900641,
                0.0013369298897633
            ],
            [
                0.2357798675200106,
                0.3834947553576803,
                0.3806170703392721,
                0.000108306783037
            ],
            [
                0.011525331190261,
                0.471877158903193,
                0.5163750203632378,
                0.0002224895433081
            ],
            [
                0.0843746612459689,
                0.2899247000667345,
                0.6213159534817333,
                0.0043846852055631
            ]
        ],
        "final_answer": 4,
        "judge": "15",
        "text_id": "65c9d7f6f174b28977037923"
    },
    {
        "known_questions": [
            "Q6",
            "Q5",
            "Q8",
            "Q4",
            "Q1"
        ],
        "llm_answers": [
            [
                0.0742073012884971,
                0.671818030190851,
                0.2536129397334417,
                0.0003617287872103
            ],
            [
                0.0787754093346299,
                0.3243635919189343,
                0.5185124940357847,
                0.078348504710651
            ],
            [
                0.3459387000001406,
                0.1831123303786019,
                0.4709484131193215,
                0.0
            ],
            [
                0.0147753180372167,
                0.3809957607491076,
                0.6031417166424604,
                0.0010872045712151
            ],
            [
                0.0551410060855622,
                0.3351830000396094,
                0.5081274395889159,
                0.1015485542859123
            ]
        ],
        "final_answer": 3,
        "judge": "15",
        "text_id": "65c9ab5ef174b289770376d8"
    },
    {
        "known_questions": [
            "Q3",
            "Q1",
            "Q0"
        ],
        "llm_answers": [
            [
                0.1361897118324114,
                0.3738884547715229,
                0.4881645558657497,
                0.0017572775303159
            ],
            [
                0.0014094199466696,
                0.0335812419039719,
                0.8746726170541631,
                0.0903367210951952
            ],
            [
                0.0002566915260839,
                0.0114655948318987,
                0.1232044533022471,
                0.8650732603397702
            ]
        ],
        "final_answer": 2,
        "judge": "15",
        "text_id": "65c99858f174b289770376a2"
    },
    {
        "known_questions": [
            "Q4",
            "Q6",
            "Q0"
        ],
        "llm_answers": [
            [
                0.0049750179247395,
                0.1782551540435633,
                0.8082270839812918,
                0.0085427440504053
            ],
            [
                0.0472921458542973,
                0.5732524136054683,
                0.3787760495385738,
                0.0006793910016605
            ],
            [
                0.0261355041590836,
                0.2832631155270183,
                0.2935587831591479,
                0.39704259715475
            ]
        ],
        "final_answer": 3,
        "judge": "15",
        "text_id": "65c9be48f174b289770377de"
    },
    {
        "known_questions": [
            "Q8",
            "Q4",
            "Q0"
        ],
        "llm_answers": [
            [
                0.3992789986368562,
                0.2332654690718189,
                0.3674550716758816,
                0.0
            ],
            [
                0.0021617595536097,
                0.1498354958922425,
                0.8477561353837894,
                0.0002466091703583
            ],
            [
                0.0004456692767178,
                0.0472961863758628,
                0.3040509134825589,
                0.6482072308648603
            ]
        ],
        "final_answer": 2,
        "judge": "15",
        "text_id": "65c9ac70f174b289770376e1"
    },
    {
        "known_questions": [
            "Q7",
            "Q2",
            "Q0"
        ],
        "llm_answers": [
            [
                0.0439110871934308,
                0.2517561206845137,
                0.5310032511166014,
                0.1733295410054539
            ],
            [
                0.0106168124089517,
                0.0580756935524663,
                0.8105201247767058,
                0.1207873692618761
            ],
            [
                0.0250979739242381,
                0.1933991954017085,
                0.3160892538916228,
                0.4654135767824304
            ]
        ],
        "final_answer": 2,
        "judge": "15",
        "text_id": "65c9bf9ef174b289770377fe"
    },
    {
        "known_questions": [
            "Q7",
            "Q6",
            "Q5"
        ],
        "llm_answers": [
            [
                0.0293817784722453,
                0.3399492366001755,
                0.5702794092246406,
                0.0603895757029386
            ],
            [
                0.0325536204775515,
                0.6782922828254719,
                0.288990723984587,
                0.0001633727123895
            ],
            [
                0.0315378798642991,
                0.2341463292849992,
                0.6314431466877273,
                0.1028726441629743
            ]
        ],
        "final_answer": 4,
        "judge": "15",
        "text_id": "65c9d8e5f174b28977037939"
    },
    {
        "known_questions": [
            "Q5",
            "Q1"
        ],
        "llm_answers": [
            [
                0.0315378798642991,
                0.2341463292849992,
                0.6314431466877273,
                0.1028726441629743
            ],
            [
                0.0091639175937241,
                0.2453160237388441,
                0.6345549215274121,
                0.1109651371400198
            ]
        ],
        "final_answer": 4,
        "judge": "15",
        "text_id": "65c9d8e5f174b28977037939"
    },
    {
        "known_questions": [
            "Q6",
            "Q8",
            "Q2",
            "Q3",
            "Q4",
            "Q1",
            "Q7",
            "Q0"
        ],
        "llm_answers": [
            [
                0.0266559939717756,
                0.5669637903293695,
                0.4052703761660474,
                0.0011098395328076
            ],
            [
                0.4031443730912546,
                0.1944584165759241,
                0.4023968874039451,
                0.0
            ],
            [
                0.0080393338508127,
                0.0996470582481624,
                0.8742600184712931,
                0.0180535894297317
            ],
            [
                0.0103457771895114,
                0.589550472477495,
                0.3992607193467593,
                0.0008430309862342
            ],
            [
                0.0141750025039904,
                0.2645050189255417,
                0.7196605239172055,
                0.0016594546532624
            ],
            [
                0.0219877067722297,
                0.2415573971230622,
                0.6440867191476031,
                0.0923681769571049
            ],
            [
                0.0294554368711129,
                0.2475515162165333,
                0.4895283892328518,
                0.2334646576795019
            ],
            [
                0.0219121464664529,
                0.2607712838991904,
                0.3182914321011612,
                0.3990251375331953
            ]
        ],
        "final_answer": 4,
        "judge": "15",
        "text_id": "65c96204f174b28977037687"
    },
    {
        "known_questions": [
            "Q2",
            "Q8",
            "Q5"
        ],
        "llm_answers": [
            [
                0.0074203824976704,
                0.1016805163852995,
                0.8219029442544766,
                0.0689961568625533
            ],
            [
                0.5322997384031376,
                0.1518933148960432,
                0.3158069467008192,
                0.0
            ],
            [
                0.0325385730430325,
                0.1858010817407001,
                0.6959190516245394,
                0.0857412935917279
            ]
        ],
        "final_answer": 1,
        "judge": "15",
        "text_id": "65c9c0fcf174b28977037825"
    },
    {
        "known_questions": [
            "Q4",
            "Q8"
        ],
        "llm_answers": [
            [
                0.0841029712438422,
                0.3220708319153675,
                0.5920976651815254,
                0.0017285316592649
            ],
            [
                0.4420021540759726,
                0.0919373342533137,
                0.4660599414342897,
                0.0
            ]
        ],
        "final_answer": 2,
        "judge": "15",
        "text_id": "65c9bf9ef174b289770377fe"
    },
    {
        "known_questions": [
            "Q6",
            "Q1",
            "Q4",
            "Q2",
            "Q5"
        ],
        "llm_answers": [
            [
                0.0099095347029663,
                0.5082933771548616,
                0.4815363082637079,
                0.0002607798784641
            ],
            [
                0.0154469752892658,
                0.231594502882007,
                0.652638638888522,
                0.100319882940205
            ],
            [
                0.0054940530935257,
                0.1198246772507745,
                0.8725877844251644,
                0.0020934852305354
            ],
            [
                0.0142277661100784,
                0.1261523010168083,
                0.8518234484645274,
                0.0077964844085858
            ],
            [
                0.063199389833466,
                0.226663524424404,
                0.5757654924155334,
                0.1343715933265965
            ]
        ],
        "final_answer": 3,
        "judge": "15",
        "text_id": "65c96644f174b28977037693"
    },
    {
        "known_questions": [
            "Q8",
            "Q2",
            "Q3",
            "Q5"
        ],
        "llm_answers": [
            [
                0.4167809710695919,
                0.1078295818015143,
                0.4753890562503458,
                0.0
            ],
            [
                0.0068857901239153,
                0.145144991731607,
                0.8435659506144134,
                0.0044032675300642
            ],
            [
                0.0081417766762561,
                0.2367103687698891,
                0.7513391450415025,
                0.0038087095123521
            ],
            [
                0.0973426896561924,
                0.3323037750240352,
                0.5088800016357815,
                0.0614735336839907
            ]
        ],
        "final_answer": 1,
        "judge": "15",
        "text_id": "65c9b62af174b28977037748"
    },
    {
        "known_questions": [
            "Q4",
            "Q3",
            "Q7",
            "Q2",
            "Q0"
        ],
        "llm_answers": [
            [
                0.0141750025039904,
                0.2645050189255417,
                0.7196605239172055,
                0.0016594546532624
            ],
            [
                0.0103457771895114,
                0.589550472477495,
                0.3992607193467593,
                0.0008430309862342
            ],
            [
                0.0294554368711129,
                0.2475515162165333,
                0.4895283892328518,
                0.2334646576795019
            ],
            [
                0.0080393338508127,
                0.0996470582481624,
                0.8742600184712931,
                0.0180535894297317
            ],
            [
                0.0219121464664529,
                0.2607712838991904,
                0.3182914321011612,
                0.3990251375331953
            ]
        ],
        "final_answer": 4,
        "judge": "15",
        "text_id": "65c96204f174b28977037687"
    },
    {
        "known_questions": [
            "Q6",
            "Q8",
            "Q4",
            "Q7",
            "Q3",
            "Q5",
            "Q2"
        ],
        "llm_answers": [
            [
                0.0504424054830825,
                0.5924363848773115,
                0.3567998213301164,
                0.0003213883094894
            ],
            [
                0.6487377362339418,
                0.0740786740004513,
                0.2771833195206626,
                0.0
            ],
            [
                0.0110162042629043,
                0.3055709835410541,
                0.683226051708127,
                0.0001867604879145
            ],
            [
                0.0554956160472614,
                0.4015862490962284,
                0.4773468461823725,
                0.0655712886741375
            ],
            [
                0.0147370298143776,
                0.3406061625646905,
                0.6433913762593818,
                0.00126543136155
            ],
            [
                0.0787023415956697,
                0.286412852011069,
                0.5163919697571291,
                0.1184928366361321
            ],
            [
                0.0036769276892272,
                0.1168691036669102,
                0.8658250318688916,
                0.0136289367749709
            ]
        ],
        "final_answer": 2,
        "judge": "15",
        "text_id": "65c99962f174b289770376a7"
    },
    {
        "known_questions": [
            "Q7",
            "Q3",
            "Q2"
        ],
        "llm_answers": [
            [
                0.0617497600886561,
                0.3922137180366731,
                0.4509851130937581,
                0.0950514087809125
            ],
            [
                0.0154335101944194,
                0.2735702192462911,
                0.7073655754066757,
                0.0036306951526137
            ],
            [
                0.0122707641474328,
                0.1730624711949355,
                0.802664809882034,
                0.0120019547755976
            ]
        ],
        "final_answer": 4,
        "judge": "15",
