[
    {
        "known_questions": [
            "Q6",
            "Q7",
            "Q3"
        ],
        "llm_answers": [
            [
                0.0192165209620568,
                0.3659651373850597,
                0.6065545859000505,
                0.0082637557528328
            ],
            [
                0.0327264405039561,
                0.1900090170671764,
                0.6228837344387348,
                0.1543808079901327
            ],
            [
                0.0118367815682792,
                0.3821749566665779,
                0.6040871438956973,
                0.0019011178694455
            ]
        ],
        "final_answer": 3,
        "judge": "10",
        "text_id": "65c9badaf174b28977037781"
    },
    {
        "known_questions": [
            "Q6",
            "Q3",
            "Q8",
            "Q5",
            "Q1"
        ],
        "llm_answers": [
            [
                0.0034715061127999,
                0.5328571825442098,
                0.4632343530212111,
                0.0004369583217792
            ],
            [
                0.171057122767358,
                0.6858153360051723,
                0.143063752414417,
                6.378881305260896e-05
            ],
            [
                0.1505931573458915,
                0.3363741823864659,
                0.5130326602676425,
                0.0
            ],
            [
                0.0277244439817702,
                0.1202059808408946,
                0.7049504581920218,
                0.1471191169853132
            ],
            [
                0.0005384660864017,
                0.0675316608631083,
                0.798084361264698,
                0.1338455117857919
            ]
        ],
        "final_answer": 4,
        "judge": "10",
        "text_id": "65c9fbfdf174b28977037b96"
    },
    {
        "known_questions": [
            "Q2",
            "Q3"
        ],
        "llm_answers": [
            [
                0.0710773711219583,
                0.4098928228425044,
                0.5167565210449485,
                0.0022732849905886
            ],
            [
                0.1871735277945239,
                0.640171559845424,
                0.1721664674352297,
                0.0004884449248223
            ]
        ],
        "final_answer": 1,
        "judge": "10",
        "text_id": "65c9fdabf174b28977037b9c"
    },
    {
        "known_questions": [
            "Q6",
            "Q1",
            "Q4",
            "Q2",
            "Q5"
        ],
        "llm_answers": [
            [
                0.0383488959533793,
                0.778049976062498,
                0.1835129319217529,
                8.819606236969508e-05
            ],
            [
                0.0998331833993098,
                0.4337970799502785,
                0.4078155655755409,
                0.0585541710748707
            ],
            [
                0.0252682737455044,
                0.4436617761266116,
                0.5307647582808168,
                0.0003051918470671
            ],
            [
                0.0251772917400015,
                0.2122277662034249,
                0.7427170022015643,
                0.019877939855009
            ],
            [
                0.0423713993702045,
                0.248910150872228,
                0.5817182078201556,
                0.1270002419374117
            ]
        ],
        "final_answer": 4,
        "judge": "10",
        "text_id": "65c73512f174b2897703756c"
    },
    {
        "known_questions": [
            "Q1",
            "Q0"
        ],
        "llm_answers": [
            [
                0.0003252822580125,
                0.0343916228397955,
                0.842300823182507,
                0.122982271719685
            ],
            [
                0.0008179734879933,
                0.0340264494207335,
                0.212755186669038,
                0.7524003904222352
            ]
        ],
        "final_answer": 1,
        "judge": "10",
        "text_id": "65c9d7c6f174b2897703791b"
    },
    {
        "known_questions": [
            "Q6",
            "Q3"
        ],
        "llm_answers": [
            [
                0.0027480497250864,
                0.377776102691395,
                0.61946265031671,
                1.319726680847122e-05
            ],
            [
                0.2382813439962675,
                0.617502114724882,
                0.1440757629986148,
                0.0001407782802355
            ]
        ],
        "final_answer": 1,
        "judge": "10",
        "text_id": "65c9d7c6f174b2897703791b"
    },
    {
        "known_questions": [
            "Q3",
            "Q1",
            "Q5",
            "Q4"
        ],
        "llm_answers": [
            [
                0.8670579080272659,
                0.1094377534323315,
                0.0231977600818645,
                0.0003065784585379
            ],
            [
                0.0004292671770776,
                0.0153069693305228,
                0.7864614655781702,
                0.1978022979142293
            ],
            [
                0.0274382474501292,
                0.0107268670371617,
                0.3303675202156208,
                0.6314673652970882
            ],
            [
                0.1435749352456354,
                0.255916314802792,
                0.596461815796365,
                0.0040469341552075
            ]
        ],
        "final_answer": 4,
        "judge": "10",
        "text_id": "65ca0179f174b28977037baa"
    },
    {
        "known_questions": [
            "Q3",
            "Q6",
            "Q0"
        ],
        "llm_answers": [
            [
                0.1508736521841419,
                0.5116553971772172,
                0.3373003723734066,
                0.0001705782652342
            ],
            [
                0.004024634764137,
                0.3563226230290011,
                0.6393172403322522,
                0.0003355018746095
            ],
            [
                0.0044481479010882,
                0.0753311861330557,
                0.2646145946426614,
                0.6556060713231945
            ]
        ],
        "final_answer": 3,
        "judge": "10",
        "text_id": "65c73879f174b28977037586"
    },
    {
        "known_questions": [
            "Q6",
            "Q5",
            "Q8",
            "Q4",
            "Q1"
        ],
        "llm_answers": [
            [
                0.0115257751765882,
                0.5416543389971903,
                0.4466298819589441,
                0.0001900038672773
            ],
            [
                0.1451039100572811,
                0.1669202589150936,
                0.5770549562971421,
                0.1109208747304831
            ],
            [
                0.5021263509008892,
                0.1762844322760569,
                0.3215889518593524,
                0.0
            ],
            [
                0.0203788724632614,
                0.1221760088591276,
                0.8518014507234177,
                0.0056436679541931
            ],
            [
                0.0061662760295595,
                0.0633211688877922,
                0.7494220390481153,
                0.1810905160345328
            ]
        ],
        "final_answer": 4,
        "judge": "10",
        "text_id": "65c9b257f174b28977037706"
    },
    {
        "known_questions": [
            "Q4",
            "Q0"
        ],
        "llm_answers": [
            [
                0.0203788724632614,
                0.1221760088591276,
                0.8518014507234177,
                0.0056436679541931
            ],
            [
                0.500473561184448,
                0.054344267961497,
                0.357678859285113,
                0.087503311568942
            ]
        ],
        "final_answer": 4,
        "judge": "10",
        "text_id": "65c9b257f174b28977037706"
    },
    {
        "known_questions": [
            "Q6",
            "Q7",
            "Q3"
        ],
        "llm_answers": [
            [
                0.0193091449688547,
                0.5820010292908058,
                0.398506686105232,
                0.0001831396351073
            ],
            [
                0.0481658591967687,
                0.3645340470616111,
                0.494805994115055,
                0.0924940996265652
            ],
            [
                0.1005342884719147,
                0.5514282597239154,
                0.3465432214692466,
                0.0014942303349232
            ]
        ],
        "final_answer": 4,
        "judge": "10",
        "text_id": "65c7374ff174b2897703757b"
    },
    {
        "known_questions": [
            "Q5",
            "Q7",
            "Q3",
            "Q6",
            "Q2",
            "Q8"
        ],
        "llm_answers": [
            [
                0.0492201504951079,
                0.2622683464145577,
                0.5051537824183514,
                0.1833577206719828
            ],
            [
                0.0481658591967687,
                0.3645340470616111,
                0.494805994115055,
                0.0924940996265652
            ],
            [
                0.1005342884719147,
                0.5514282597239154,
                0.3465432214692466,
                0.0014942303349232
            ],
            [
                0.0193091449688547,
                0.5820010292908058,
                0.398506686105232,
                0.0001831396351073
            ],
            [
                0.0328728217148802,
                0.2976578964853599,
                0.6475617777527567,
                0.021907504047003
            ],
            [
                0.4380139940168542,
                0.1519425759519953,
                0.4100431178580266,
                0.0
            ]
        ],
        "final_answer": 4,
        "judge": "10",
        "text_id": "65c7374ff174b2897703757b"
    },
    {
        "known_questions": [
            "Q7",
            "Q1",
            "Q2",
            "Q6"
        ],
        "llm_answers": [
            [
                0.0481658591967687,
                0.3645340470616111,
                0.494805994115055,
                0.0924940996265652
            ],
            [
                0.0130743739930246,
                0.2811212948988962,
                0.6305294924768478,
                0.0752748386312314
            ],
            [
                0.0328728217148802,
                0.2976578964853599,
                0.6475617777527567,
                0.021907504047003
            ],
            [
                0.0193091449688547,
                0.5820010292908058,
                0.398506686105232,
                0.0001831396351073
            ]
        ],
        "final_answer": 4,
        "judge": "10",
        "text_id": "65c7374ff174b2897703757b"
    },
    {
        "known_questions": [
            "Q6",
            "Q1",
            "Q2",
            "Q4"
        ],
        "llm_answers": [
            [
                0.0757156579965074,
                0.4814250847032841,
                0.4417863887151745,
                0.001072868585034
            ],
            [
                0.0756835561791609,
                0.5103485957598694,
                0.3739798478923375,
                0.0399880001686321
            ],
            [
                0.0138170510375837,
                0.2188103585315106,
                0.7564888180023875,
                0.0108837724285181
            ],
            [
                0.0046023148896991,
                0.248402524687246,
                0.7412281212120984,
                0.0057670392109564
            ]
        ],
        "final_answer": 4,
        "judge": "10",
        "text_id": "65c9eb68f174b28977037a99"
    },
    {
        "known_questions": [
            "Q2",
            "Q7"
        ],
        "llm_answers": [
            [
                0.0023406437096458,
                0.0405314445348594,
                0.9513733299046008,
                0.0057545818508939
            ],
            [
                0.0208525198347376,
                0.2244681208262919,
                0.6058674885052223,
                0.148811870833748
            ]
        ],
        "final_answer": 3,
        "judge": "10",
        "text_id": "65c73879f174b28977037586"
    },
    {
        "known_questions": [
            "Q8",
            "Q6",
            "Q2",
            "Q3",
            "Q5",
            "Q1",
            "Q7"
        ],
        "llm_answers": [
            [
                0.4602840921507933,
                0.139789565813079,
                0.3999261441696301,
                0.0
            ],
            [
                0.0423494838272535,
                0.73448989125725,
                0.2230700243629526,
                9.06005525437702e-05
            ],
            [
                0.0266809356372851,
                0.246890270589863,
                0.7204585175829694,
                0.0059702761898823
            ],
            [
                0.0151994977841308,
                0.4016659555293272,
                0.5828731532568578,
                0.0002613934296839
            ],
            [
                0.0372823329449926,
                0.2307838058450087,
                0.6580678666788555,
                0.073865994531143
            ],
            [
                0.0488261760889117,
                0.3510258839924476,
                0.5414835050100758,
                0.0586644349085647
            ],
            [
                0.0403308286389468,
                0.3209548808462842,
                0.5646778689714593,
                0.0740364215433096
            ]
        ],
        "final_answer": 4,
        "judge": "10",
        "text_id": "65c9da77f174b28977037941"
    },
    {
        "known_questions": [
            "Q1",
            "Q8",
            "Q3",
            "Q4"
        ],
        "llm_answers": [
            [
                0.0061662760295595,
                0.0633211688877922,
                0.7494220390481153,
                0.1810905160345328
            ],
            [
                0.5021263509008892,
                0.1762844322760569,
                0.3215889518593524,
                0.0
            ],
            [
                0.5358192427199449,
                0.3917319365211971,
                0.0721649283144815,
                0.0002838924443764
            ],
            [
                0.0203788724632614,
                0.1221760088591276,
                0.8518014507234177,
                0.0056436679541931
            ]
        ],
        "final_answer": 4,
        "judge": "10",
        "text_id": "65c9b257f174b28977037706"
    },
    {
        "known_questions": [
            "Q4",
            "Q6",
            "Q0"
        ],
        "llm_answers": [
            [
                0.0051765652989885,
                0.1657051437752937,
                0.8217395179107897,
                0.0073787730149279
            ],
            [
                0.0192165209620568,
                0.3659651373850597,
                0.6065545859000505,
                0.0082637557528328
            ],
            [
                0.3047701007069968,
                0.0981878437785559,
                0.2078677837453806,
                0.3891742717690664
            ]
        ],
        "final_answer": 3,
        "judge": "10",
        "text_id": "65c9badaf174b28977037781"
    },
    {
        "known_questions": [
            "Q1",
            "Q4",
            "Q2",
            "Q3",
            "Q6",
            "Q8",
            "Q7"
        ],
        "llm_answers": [
            [
                0.0003252822580125,
                0.0343916228397955,
                0.842300823182507,
                0.122982271719685
            ],
            [
                0.0032849840799243,
                0.0590346822314962,
                0.9372920028765768,
                0.0003883308120024
            ],
            [
                0.0052007199918594,
                0.0843785713978948,
                0.9062057487177956,
                0.0042149598924503
            ],
            [
                0.2382813439962675,
                0.617502114724882,
                0.1440757629986148,
                0.0001407782802355
            ],
            [
                0.0027480497250864,
                0.377776102691395,
                0.61946265031671,
                1.319726680847122e-05
            ],
            [
                0.2806632983555951,
                0.2064195038197774,
                0.5129171978246273,
                0.0
            ],
            [
                0.0431385749689047,
                0.3603814694189589,
                0.5419819008984268,
                0.0544980547137096
            ]
        ],
        "final_answer": 1,
        "judge": "10",
        "text_id": "65c9d7c6f174b2897703791b"
    },
    {
        "known_questions": [
            "Q1",
            "Q5",
            "Q0"
        ],
        "llm_answers": [
            [
                0.0052223399072014,
                0.2281017860872776,
                0.6574335402934672,
                0.1092423337120535
            ],
            [
                0.0676773655366802,
                0.2313847453410593,
                0.5435875011368873,
                0.1573503879853731
            ],
            [
                0.0060791413991774,
                0.1294505647356442,
                0.3544745558933703,
                0.5099957379718081
            ]
        ],
        "final_answer": 2,
        "judge": "10",
        "text_id": "65c9b861f174b28977037763"
    },
    {
        "known_questions": [
            "Q3",
            "Q8",
            "Q5"
        ],
        "llm_answers": [
            [
                0.8644252253759619,
                0.1251115033813601,
                0.0104175862824574,
                4.568496022049097e-05
            ],
            [
                0.2238151575074602,
                0.4712642709561485,
                0.3049205715363913,
                0.0
            ],
            [
                0.0163630554653699,
                0.0497332179034783,
                0.5932081374900371,
                0.3406955891411145
            ]
        ],
        "final_answer": 1,
        "judge": "10",
        "text_id": "65c9bbf2f174b289770377a6"
    },
    {
        "known_questions": [
            "Q1",
            "Q3",
            "Q4",
            "Q0"
        ],
        "llm_answers": [
            [
                0.0061662760295595,
                0.0633211688877922,
                0.7494220390481153,
                0.1810905160345328
            ],
            [
                0.5358192427199449,
                0.3917319365211971,
                0.0721649283144815,
                0.0002838924443764
            ],
            [
                0.0203788724632614,
                0.1221760088591276,
                0.8518014507234177,
                0.0056436679541931
            ],
            [
                0.500473561184448,
                0.054344267961497,
                0.357678859285113,
                0.087503311568942
            ]
        ],
        "final_answer": 4,
        "judge": "10",
        "text_id": "65c9b257f174b28977037706"
    },
    {
        "known_questions": [
            "Q7",
            "Q1",
            "Q5",
            "Q3",
            "Q0"
        ],
        "llm_answers": [
            [
                0.022818599906364,
                0.273452242015469,
                0.5699429332750412,
                0.1337862248031257
            ],
            [
                0.025871036623133,
                0.325288820408152,
                0.5564921507076689,
                0.0923479922610462
            ],
            [
                0.0233180837436588,
                0.2067599349844955,
                0.6631706753089189,
                0.1067513059629267
            ],
            [
                0.0039038044977289,
                0.2947413493481059,
                0.7008353073677233,
                0.0005195387864418
            ],
            [
                0.0047576839639047,
                0.1356595566788626,
                0.3159381250557434,
                0.5436446343014892
            ]
        ],
        "final_answer": 4,
        "judge": "10",
        "text_id": "65c9dd5df174b28977037959"
    },
    {
        "known_questions": [
            "Q7",
            "Q8",
            "Q3"
        ],
        "llm_answers": [
            [
                0.0340652453611081,
                0.2557358221503823,
                0.5720657697972857,
                0.1381331626912236
            ],
            [
                0.4178897966042208,
                0.2975010645435497,
                0.2846088562127783,
                0.0
            ],
            [
                0.1871735277945239,
                0.640171559845424,
                0.1721664674352297,
                0.0004884449248223
            ]
        ],
        "final_answer": 1,
        "judge": "10",
        "text_id": "65c9fdabf174b28977037b9c"
    },
    {
        "known_questions": [
            "Q4",
            "Q6",
            "Q0"
        ],
        "llm_answers": [
            [
                0.0325594159030175,
                0.3953315982141434,
                0.5719395773959166,
                0.0001694084869223
            ],
            [
                0.0158315433721151,
                0.5972282662252976,
                0.3864160604551958,
                0.0005241299473916
            ],
            [
                0.0087388863321349,
                0.1950636585898498,
                0.4588573418106304,
                0.3373401132673846
            ]
        ],
        "final_answer": 1,
        "judge": "10",
        "text_id": "65c9fdabf174b28977037b9c"
    },
    {
        "known_questions": [
            "Q7",
            "Q4",
            "Q3",
            "Q0"
        ],
        "llm_answers": [
            [
                0.0340652453611081,
                0.2557358221503823,
                0.5720657697972857,
                0.1381331626912236
            ],
            [
                0.0325594159030175,
                0.3953315982141434,
                0.5719395773959166,
                0.0001694084869223
            ],
            [
                0.1871735277945239,
                0.640171559845424,
                0.1721664674352297,
                0.0004884449248223
            ],
            [
                0.0087388863321349,
                0.1950636585898498,
                0.4588573418106304,
                0.3373401132673846
            ]
        ],
        "final_answer": 1,
        "judge": "10",
        "text_id": "65c9fdabf174b28977037b9c"
    },
    {
        "known_questions": [
            "Q4",
            "Q7",
            "Q6",
            "Q3",
            "Q0"
        ],
        "llm_answers": [
            [
                0.0014444954826195,
                0.0424758557127003,
                0.9510140664181576,
                0.0050655823865226
            ],
            [
                0.0208525198347376,
                0.2244681208262919,
                0.6058674885052223,
                0.148811870833748
            ],
            [
                0.004024634764137,
                0.3563226230290011,
                0.6393172403322522,
                0.0003355018746095
            ],
            [
                0.1508736521841419,
                0.5116553971772172,
                0.3373003723734066,
                0.0001705782652342
            ],
            [
                0.0044481479010882,
                0.0753311861330557,
                0.2646145946426614,
                0.6556060713231945
            ]
        ],
        "final_answer": 3,
        "judge": "10",
        "text_id": "65c73879f174b28977037586"
    },
    {
        "known_questions": [
            "Q7",
            "Q3",
            "Q5"
        ],
        "llm_answers": [
            [
                0.024389775881006,
                0.3426245780891001,
                0.5994194018924455,
                0.0335662441374484
            ],
            [
                0.4271222822895721,
                0.5348849342611519,
                0.0378039784700091,
                0.0001888049792667
            ],
            [
                0.0733656978215756,
                0.1809995408017413,
                0.5793785909400282,
                0.1662561704366547
            ]
        ],
        "final_answer": 3,
        "judge": "10",
        "text_id": "65c7269df174b2897703753e"
    },
    {
        "known_questions": [
            "Q2",
            "Q1"
        ],
        "llm_answers": [
            [
                0.0266809356372851,
                0.246890270589863,
                0.7204585175829694,
                0.0059702761898823
            ],
            [
                0.0488261760889117,
                0.3510258839924476,
                0.5414835050100758,
                0.0586644349085647
            ]
        ],
        "final_answer": 4,
        "judge": "10",
        "text_id": "65c9da77f174b28977037941"
    },
    {
        "known_questions": [
            "Q7",
            "Q1",
            "Q4",
            "Q2"
        ],
        "llm_answers": [
            [
                0.0145980338420828,
                0.0749900584908661,
                0.6633763334827045,
                0.2470355741843464
            ],
            [
                0.0004292671770776,
                0.0153069693305228,
                0.7864614655781702,
                0.1978022979142293
            ],
            [
                0.1435749352456354,
                0.255916314802792,
                0.596461815796365,
                0.0040469341552075
            ],
            [
                0.0615408137180858,
                0.1767855634888507,
                0.6767415500848482,
                0.0849320727082152
            ]
        ],
        "final_answer": 4,
        "judge": "10",
        "text_id": "65ca0179f174b28977037baa"
    },
    {
        "known_questions": [
            "Q7",
            "Q4",
            "Q8",
            "Q1",
            "Q0"
        ],
        "llm_answers": [
            [
                0.024389775881006,
                0.3426245780891001,
                0.5994194018924455,
                0.0335662441374484
            ],
            [
                0.0068421528844325,
                0.1955744902786702,
                0.7960273235295188,
                0.0015560333073785
            ],
            [
                0.2694718523041077,
                0.142551201045131,
                0.5879769466507613,
                0.0
            ],
            [
                0.0003572235576825,
                0.0571635420716002,
                0.8706118225551299,
                0.0718674118155874
            ],
            [
                0.0045783338140952,
                0.1309041709293968,
                0.4094652277986741,
                0.4550522674578336
            ]
        ],
        "final_answer": 3,
        "judge": "10",
        "text_id": "65c7269df174b2897703753e"
    },
    {
        "known_questions": [
            "Q6",
            "Q2",
            "Q3",
            "Q1",
            "Q0"
        ],
        "llm_answers": [
            [
                0.0008118771807595,
                0.1106814210958645,
                0.8881588876470758,
                0.0003478140763
            ],
            [
                0.0357455615098115,
                0.1194853904035703,
                0.8092689731325757,
                0.0355000749540424
            ],
            [
                0.9707194008576376,
                0.0219345104680559,
                0.0073169612864225,
                2.9127387884086782e-05
            ],
            [
                0.003664462470307,
                0.0534200347885552,
                0.8254787564837046,
                0.1174367462574329
            ],
            [
                0.0252475412056254,
                0.2087963913358377,
                0.4891029861795661,
                0.2768530812789706
            ]
        ],
        "final_answer": 2,
        "judge": "10",
        "text_id": "65c9db5df174b2897703794a"
    },
    {
        "known_questions": [
            "Q7",
            "Q6",
            "Q4",
            "Q0"
        ],
        "llm_answers": [
            [
                0.0781597043299673,
                0.3927345564742242,
                0.4878328344663697,
                0.0412729047294387
            ],
            [
                0.0420552857928548,
                0.6384196214925724,
                0.3193929558074763,
                0.0001321369070965
            ],
            [
                0.0108099403575293,
                0.2701701144978337,
                0.7172944919900532,
                0.0017254531545837
            ],
            [
                0.0097384741701125,
                0.2114615635478476,
                0.4927547024854041,
                0.2860452597966357
            ]
        ],
        "final_answer": 1,
        "judge": "10",
        "text_id": "65c9ee66f174b28977037ad8"
    },
    {
        "known_questions": [
            "Q8",
            "Q5",
            "Q2",
            "Q1",
            "Q7",
            "Q4",
            "Q0"
        ],
        "llm_answers": [
            [
                0.5575561805088878,
                0.1399785043509396,
                0.3024651821362623,
                0.0
            ],
            [
                0.0962766615443876,
                0.2702057046150553,
                0.5515067278858545,
                0.0820109059547025
            ],
            [
                0.0034360780342724,
                0.064102900637223,
                0.911976607116262,
                0.0204844142122424
            ],
            [
                0.0189976760616004,
                0.251701977613923,
                0.6560183355836469,
                0.0732820107408297
            ],
            [
                0.0327264405039561,
                0.1900090170671764,
                0.6228837344387348,
                0.1543808079901327
            ],
            [
                0.0051765652989885,
                0.1657051437752937,
                0.8217395179107897,
                0.0073787730149279
            ],
            [
                0.3047701007069968,
                0.0981878437785559,
                0.2078677837453806,
                0.3891742717690664
            ]
        ],
        "final_answer": 3,
        "judge": "10",
        "text_id": "65c9badaf174b28977037781"
    },
    {
        "known_questions": [
            "Q1",
            "Q3",
            "Q4",
            "Q2",
            "Q0"
        ],
        "llm_answers": [
            [
                0.0998331833993098,
                0.4337970799502785,
                0.4078155655755409,
                0.0585541710748707
            ],
            [
                0.0093724277059664,
                0.4222119149744617,
                0.5667898817814228,
                0.001625775538149
            ],
            [
                0.0252682737455044,
                0.4436617761266116,
                0.5307647582808168,
                0.0003051918470671
            ],
            [
                0.0251772917400015,
                0.2122277662034249,
                0.7427170022015643,
                0.019877939855009
            ],
            [
                0.0100340817179649,
                0.1739703826611751,
                0.430879095614915,
                0.3851164400059449
            ]
        ],
        "final_answer": 4,
        "judge": "10",
        "text_id": "65c73512f174b2897703756c"
    },
    {
        "known_questions": [
            "Q1",
            "Q3",
            "Q6",
            "Q2"
        ],
        "llm_answers": [
            [
                0.0006740226191218,
                0.065722280374107,
                0.875441692914174,
                0.0581620040925972
            ],
            [
                0.1685084350599323,
                0.6024341159362194,
                0.2287345379574246,
                0.0003229110464236
            ],
            [
                0.0087157292717911,
                0.5678746998550084,
                0.4233243184419759,
                8.525243122463044e-05
            ],
            [
                0.0419715421919173,
                0.1753564083154439,
                0.734539044235879,
                0.0481330052567597
            ]
        ],
        "final_answer": 3,
        "judge": "10",
        "text_id": "65c9bce0f174b289770377bd"
    },
    {
        "known_questions": [
            "Q4",
            "Q7",
            "Q6",
            "Q5",
            "Q8",
            "Q3",
            "Q2",
            "Q0"
        ],
        "llm_answers": [
            [
                0.0051765652989885,
                0.1657051437752937,
                0.8217395179107897,
                0.0073787730149279
            ],
            [
                0.0327264405039561,
                0.1900090170671764,
                0.6228837344387348,
                0.1543808079901327
            ],
            [
                0.0192165209620568,
                0.3659651373850597,
                0.6065545859000505,
                0.0082637557528328
            ],
            [
                0.0962766615443876,
                0.2702057046150553,
                0.5515067278858545,
                0.0820109059547025
            ],
            [
                0.5575561805088878,
                0.1399785043509396,
                0.3024651821362623,
                0.0
            ],
            [
                0.0118367815682792,
                0.3821749566665779,
                0.6040871438956973,
                0.0019011178694455
            ],
            [
                0.0034360780342724,
                0.064102900637223,
                0.911976607116262,
                0.0204844142122424
            ],
            [
                0.3047701007069968,
                0.0981878437785559,
                0.2078677837453806,
                0.3891742717690664
            ]
        ],
        "final_answer": 3,
        "judge": "10",
        "text_id": "65c9badaf174b28977037781"
    },
    {
        "known_questions": [
            "Q7",
            "Q6"
        ],
        "llm_answers": [
            [
                0.0515260604649024,
                0.2344945644090076,
                0.5193120049396196,
                0.1946673701864702
            ],
            [
                0.0017070309268714,
                0.2568960070876248,
                0.7413440935837367,
                5.286840176712739e-05
            ]
        ],
        "final_answer": 4,
        "judge": "10",
        "text_id": "65c9e29cf174b2897703799d"
    },
    {
        "known_questions": [
            "Q1",
            "Q3",
            "Q8",
            "Q7",
            "Q2",
            "Q4",
            "Q0"
        ],
        "llm_answers": [
            [
                0.0206235068382093,
                0.3078685585330448,
                0.5878927503374223,
                0.0836151842913236
            ],
            [
                0.1871735277945239,
                0.640171559845424,
                0.1721664674352297,
                0.0004884449248223
            ],
            [
                0.4178897966042208,
                0.2975010645435497,
                0.2846088562127783,
                0.0
            ],
            [
                0.0340652453611081,
                0.2557358221503823,
                0.5720657697972857,
                0.1381331626912236
            ],
            [
                0.0710773711219583,
                0.4098928228425044,
                0.5167565210449485,
                0.0022732849905886
            ],
            [
                0.0325594159030175,
                0.3953315982141434,
                0.5719395773959166,
                0.0001694084869223
            ],
            [
                0.0087388863321349,
                0.1950636585898498,
                0.4588573418106304,
                0.3373401132673846
            ]
        ],
        "final_answer": 1,
        "judge": "10",
        "text_id": "65c9fdabf174b28977037b9c"
    },
    {
        "known_questions": [
            "Q7",
            "Q0"
        ],
        "llm_answers": [
            [
                0.0467606016165201,
                0.4594978682814402,
                0.4461657646431828,
                0.0475757654588567
            ],
            [
                0.0100340817179649,
                0.1739703826611751,
                0.430879095614915,
                0.3851164400059449
            ]
        ],
        "final_answer": 4,
        "judge": "10",
        "text_id": "65c73512f174b2897703756c"
    },
    {
        "known_questions": [
            "Q3",
            "Q8",
            "Q0"
        ],
        "llm_answers": [
            [
                0.1508736521841419,
                0.5116553971772172,
                0.3373003723734066,
                0.0001705782652342
            ],
            [
                0.6331120024204947,
                0.0778017594171701,
                0.2890862381623351,
                0.0
            ],
            [
                0.0044481479010882,
                0.0753311861330557,
                0.2646145946426614,
                0.6556060713231945
            ]
        ],
        "final_answer": 3,
        "judge": "10",
        "text_id": "65c73879f174b28977037586"
    },
    {
        "known_questions": [
            "Q2"
        ],
        "llm_answers": [
            [
                0.0023406437096458,
                0.0405314445348594,
                0.9513733299046008,
                0.0057545818508939
            ]
        ],
        "final_answer": 3,
        "judge": "10",
        "text_id": "65c73879f174b28977037586"
    },
    {
        "known_questions": [
            "Q4",
            "Q3",
            "Q1",
            "Q5",
            "Q8",
            "Q2",
            "Q7"
        ],
        "llm_answers": [
            [
                0.0014444954826195,
                0.0424758557127003,
                0.9510140664181576,
                0.0050655823865226
            ],
            [
                0.1508736521841419,
                0.5116553971772172,
                0.3373003723734066,
                0.0001705782652342
            ],
            [
                0.0001302258519779,
                0.0331638353984168,
                0.734566322003069,
                0.2321396167465362
            ],
            [
                0.032657019891231,
                0.07456412824504,
                0.5448513128258471,
                0.3479275390378818
            ],
            [
                0.6331120024204947,
                0.0778017594171701,
                0.2890862381623351,
                0.0
            ],
            [
                0.0023406437096458,
                0.0405314445348594,
                0.9513733299046008,
                0.0057545818508939
