[
    {
        "known_questions": [
            "Q3",
            "Q1",
            "Q6",
            "Q0"
        ],
        "llm_answers": [
            [
                0.1950302643579902,
                0.3488680771678158,
                0.4549091271055736,
                0.0011925313686202
            ],
            [
                0.0021689229443091,
                0.0578996711711086,
                0.7815651215490174,
                0.1583662843355647
            ],
            [
                0.0071101028850406,
                0.3689091892576558,
                0.6235732337895821,
                0.0004074740677213
            ],
            [
                0.0074631630155338,
                0.1216176517086539,
                0.3536045226830094,
                0.5173146625928028
            ]
        ],
        "final_answer": 4,
        "judge": "16",
        "text_id": "65c60309f174b28977037442"
    },
    {
        "known_questions": [
            "Q4",
            "Q8",
            "Q6"
        ],
        "llm_answers": [
            [
                0.003959003161276,
                0.1088300364492815,
                0.8865899986023239,
                0.0006209617871185
            ],
            [
                0.2061906241754084,
                0.3301837114695612,
                0.4636254752960447,
                0.0
            ],
            [
                0.0023343977641004,
                0.4696383079930358,
                0.5279892591503809,
                3.8035092482747606e-05
            ]
        ],
        "final_answer": 1,
        "judge": "16",
        "text_id": "65ca207af174b28977037c1a"
    },
    {
        "known_questions": [
            "Q2",
            "Q1",
            "Q8",
            "Q7",
            "Q4"
        ],
        "llm_answers": [
            [
                0.0055946315879611,
                0.0690253820629876,
                0.8931734928738482,
                0.032206493475203
            ],
            [
                0.0138338316495613,
                0.3131915113498693,
                0.6329901497328588,
                0.0399845072677105
            ],
            [
                0.3278901083125702,
                0.2388740956339382,
                0.4332353512069045,
                0.0
            ],
            [
                0.0508839670625257,
                0.4772556231753028,
                0.4425973698005185,
                0.029263039961653
            ],
            [
                0.0169272498019005,
                0.2835129036630684,
                0.6993775587605714,
                0.0001822877744597
            ]
        ],
        "final_answer": 4,
        "judge": "16",
        "text_id": "65c60166f174b2897703742d"
    },
    {
        "known_questions": [
            "Q3",
            "Q8",
            "Q5"
        ],
        "llm_answers": [
            [
                0.0281607938068213,
                0.4440663374998215,
                0.5275148518159631,
                0.0002580168773938
            ],
            [
                0.2808583970747076,
                0.2885361892203129,
                0.4306054137049794,
                0.0
            ],
            [
                0.030389810403845,
                0.0974631607498115,
                0.7162688233778765,
                0.1558782054684669
            ]
        ],
        "final_answer": 1,
        "judge": "16",
        "text_id": "65ca23c7f174b28977037c35"
    },
    {
        "known_questions": [
            "Q6",
            "Q3"
        ],
        "llm_answers": [
            [
                0.0301066955760953,
                0.630486530142718,
                0.3392887081536457,
                0.0001180661275409
            ],
            [
                0.0069463508266602,
                0.2240159961684714,
                0.7675464361604425,
                0.0014912168444257
            ]
        ],
        "final_answer": 4,
        "judge": "16",
        "text_id": "65c60166f174b2897703742d"
    },
    {
        "known_questions": [
            "Q1",
            "Q3",
            "Q7",
            "Q6",
            "Q2",
            "Q5"
        ],
        "llm_answers": [
            [
                0.0014249760955416,
                0.1549967793817946,
                0.750479952497403,
                0.0930982920252608
            ],
            [
                0.0067205899071741,
                0.2529166112228778,
                0.7391048815477593,
                0.0012579173221887
            ],
            [
                0.0662645679871815,
                0.3580363919905798,
                0.4978718750164581,
                0.0778271650057805
            ],
            [
                0.0287164949161289,
                0.5440597870169932,
                0.4269999488425149,
                0.0002237692243627
            ],
            [
                0.0047782414851351,
                0.0828240674363458,
                0.8894173528964795,
                0.0229803381820395
            ],
            [
                0.0399931751208194,
                0.2811045650067159,
                0.57132114525917,
                0.1075811146132947
            ]
        ],
        "final_answer": 1,
        "judge": "16",
        "text_id": "65c60203f174b28977037433"
    },
    {
        "known_questions": [
            "Q2",
            "Q4",
            "Q5",
            "Q3",
            "Q7",
            "Q6",
            "Q1"
        ],
        "llm_answers": [
            [
                0.0078657506782492,
                0.0514777449499919,
                0.8989079227587656,
                0.0417485816129931
            ],
            [
                0.0092831049425382,
                0.1261892261419046,
                0.8631038631897697,
                0.0014238057257874
            ],
            [
                0.0256276604958229,
                0.0380268753689396,
                0.5102157657239563,
                0.426129698411281
            ],
            [
                0.2224471939456033,
                0.4514466448829684,
                0.3257576639623309,
                0.0003484972090973
            ],
            [
                0.0172287075256187,
                0.1227074582991283,
                0.6702191407834076,
                0.1898446933918452
            ],
            [
                0.0015652169414483,
                0.2434740181334403,
                0.7549241307440231,
                3.663418108828116e-05
            ],
            [
                0.0030049062392135,
                0.0883077052438505,
                0.794894416108232,
                0.1137929724087039
            ]
        ],
        "final_answer": 4,
        "judge": "16",
        "text_id": "65ca2184f174b28977037c20"
    },
    {
        "known_questions": [
            "Q5",
            "Q7",
            "Q4"
        ],
        "llm_answers": [
            [
                0.0324690336604023,
                0.1607117077317156,
                0.7417129842631208,
                0.065106274344761
            ],
            [
                0.0254405047433207,
                0.2799957372131014,
                0.6179986412399624,
                0.0765651168036154
            ],
            [
                0.003959003161276,
                0.1088300364492815,
                0.8865899986023239,
                0.0006209617871185
            ]
        ],
        "final_answer": 1,
        "judge": "16",
        "text_id": "65ca207af174b28977037c1a"
    },
    {
        "known_questions": [
            "Q2",
            "Q4",
            "Q5",
            "Q6",
            "Q8",
            "Q3",
            "Q1"
        ],
        "llm_answers": [
            [
                0.0126176504162876,
                0.0598180981851004,
                0.8144387131050896,
                0.1131255382935224
            ],
            [
                0.080058956495332,
                0.2111526474293819,
                0.7041664616721188,
                0.0046219344031671
            ],
            [
                0.0735172828877366,
                0.0925355152897481,
                0.5612726080827822,
                0.2726745937397329
            ],
            [
                0.0071101028850406,
                0.3689091892576558,
                0.6235732337895821,
                0.0004074740677213
            ],
            [
                0.6626844126198607,
                0.0864467837453263,
                0.2508688036348129,
                0.0
            ],
            [
                0.1950302643579902,
                0.3488680771678158,
                0.4549091271055736,
                0.0011925313686202
            ],
            [
                0.0021689229443091,
                0.0578996711711086,
                0.7815651215490174,
                0.1583662843355647
            ]
        ],
        "final_answer": 4,
        "judge": "16",
        "text_id": "65c60309f174b28977037442"
    },
    {
        "known_questions": [
            "Q3",
            "Q7",
            "Q5",
            "Q2",
            "Q8",
            "Q0"
        ],
        "llm_answers": [
            [
                0.0642909402521969,
                0.5442334676245112,
                0.3899392560274032,
                0.0015363360958884
            ],
            [
                0.0099312304961537,
                0.1473278517520482,
                0.6070268277803959,
                0.2357140899714022
            ],
            [
                0.0424575996757577,
                0.252904443385239,
                0.5705630402820557,
                0.1340749166569476
            ],
            [
                0.0016128219285451,
                0.0720082787734549,
                0.9121038930194452,
                0.0142750062785546
            ],
            [
                0.2273606397249452,
                0.4384706768375542,
                0.3341682063570023,
                0.0
            ],
            [
                0.0047220332949993,
                0.1235563082832153,
                0.3614971253913368,
                0.5102245330304485
            ]
        ],
        "final_answer": 4,
        "judge": "16",
        "text_id": "65c5fe6cf174b28977037419"
    },
    {
        "known_questions": [
            "Q6",
            "Q7",
            "Q3",
            "Q8"
        ],
        "llm_answers": [
            [
                0.0015652169414483,
                0.2434740181334403,
                0.7549241307440231,
                3.663418108828116e-05
            ],
            [
                0.0172287075256187,
                0.1227074582991283,
                0.6702191407834076,
                0.1898446933918452
            ],
            [
                0.2224471939456033,
                0.4514466448829684,
                0.3257576639623309,
                0.0003484972090973
            ],
            [
                0.3986362253598526,
                0.2771635555351849,
                0.3242002191049625,
                0.0
            ]
        ],
        "final_answer": 4,
        "judge": "16",
        "text_id": "65ca2184f174b28977037c20"
    },
    {
        "known_questions": [
            "Q8",
            "Q6",
            "Q2",
            "Q3",
            "Q5",
            "Q1",
            "Q7"
        ],
        "llm_answers": [
            [
                0.3278901083125702,
                0.2388740956339382,
                0.4332353512069045,
                0.0
            ],
            [
                0.0301066955760953,
                0.630486530142718,
                0.3392887081536457,
                0.0001180661275409
            ],
            [
                0.0055946315879611,
                0.0690253820629876,
                0.8931734928738482,
                0.032206493475203
            ],
            [
                0.0069463508266602,
                0.2240159961684714,
                0.7675464361604425,
                0.0014912168444257
            ],
            [
                0.0557748102829556,
                0.2483292133015537,
                0.5899655166535668,
                0.1059304597619238
            ],
            [
                0.0138338316495613,
                0.3131915113498693,
                0.6329901497328588,
                0.0399845072677105
            ],
            [
                0.0508839670625257,
                0.4772556231753028,
                0.4425973698005185,
                0.029263039961653
            ]
        ],
        "final_answer": 4,
        "judge": "16",
        "text_id": "65c60166f174b2897703742d"
    },
    {
        "known_questions": [
            "Q8",
            "Q6",
            "Q2"
        ],
        "llm_answers": [
            [
                0.3877684112481628,
                0.2447416301296412,
                0.367489733862314,
                0.0
            ],
            [
                0.0222327298758779,
                0.5009154988406634,
                0.4752071061094388,
                0.0016446651740198
            ],
            [
                0.0012397677411291,
                0.0364822140867563,
                0.8665739739890673,
                0.0957040441830474
            ]
        ],
        "final_answer": 3,
        "judge": "16",
        "text_id": "65ca24fff174b28977037c42"
    },
    {
        "known_questions": [
            "Q3",
            "Q8",
            "Q0"
        ],
        "llm_answers": [
            [
                0.7166269590312049,
                0.2207857876746334,
                0.0623296817497476,
                0.0002575715444141
            ],
            [
                0.5577353941206034,
                0.1131928776865195,
                0.329071728192877,
                0.0
            ],
            [
                0.0009496417388054,
                0.0908838318057032,
                0.3642658351526662,
                0.5439006913028251
            ]
        ],
        "final_answer": 2,
        "judge": "16",
        "text_id": "65ca1fe6f174b28977037c13"
    },
    {
        "known_questions": [
            "Q6"
        ],
        "llm_answers": [
            [
                0.0071101028850406,
                0.3689091892576558,
                0.6235732337895821,
                0.0004074740677213
            ]
        ],
        "final_answer": 4,
        "judge": "16",
        "text_id": "65c60309f174b28977037442"
    },
    {
        "known_questions": [
            "Q7",
            "Q1",
            "Q5",
            "Q3",
            "Q0"
        ],
        "llm_answers": [
            [
                0.013864045021427,
                0.1328877782873572,
                0.6574411141217457,
                0.1958070625694701
            ],
            [
                0.0001449777727484,
                0.0114478033026532,
                0.9375944001773072,
                0.0508128187472911
            ],
            [
                0.030389810403845,
                0.0974631607498115,
                0.7162688233778765,
                0.1558782054684669
            ],
            [
                0.0281607938068213,
                0.4440663374998215,
                0.5275148518159631,
                0.0002580168773938
            ],
            [
                0.004589145043327,
                0.2801805289480149,
                0.5668207077565506,
                0.1484096182521073
            ]
        ],
        "final_answer": 1,
        "judge": "16",
        "text_id": "65ca23c7f174b28977037c35"
    },
    {
        "known_questions": [
            "Q4",
            "Q2",
            "Q6",
            "Q8",
            "Q7",
            "Q0"
        ],
        "llm_answers": [
            [
                0.0065375138752691,
                0.1044217880844361,
                0.8882609139057612,
                0.0007797841345334
            ],
            [
                0.0047782414851351,
                0.0828240674363458,
                0.8894173528964795,
                0.0229803381820395
            ],
            [
                0.0287164949161289,
                0.5440597870169932,
                0.4269999488425149,
                0.0002237692243627
            ],
            [
                0.2230630519671802,
                0.227354568751447,
                0.549581629836222,
                0.0
            ],
            [
                0.0662645679871815,
                0.3580363919905798,
                0.4978718750164581,
                0.0778271650057805
            ],
            [
                0.0025174747382912,
                0.0954435440706415,
                0.32022084907852,
                0.5818181321125472
            ]
        ],
        "final_answer": 1,
        "judge": "16",
        "text_id": "65c60203f174b28977037433"
    },
    {
        "known_questions": [
            "Q1",
            "Q3",
            "Q6",
            "Q2"
        ],
        "llm_answers": [
            [
                0.0030049062392135,
                0.0883077052438505,
                0.794894416108232,
                0.1137929724087039
            ],
            [
                0.2224471939456033,
                0.4514466448829684,
                0.3257576639623309,
                0.0003484972090973
            ],
            [
                0.0015652169414483,
                0.2434740181334403,
                0.7549241307440231,
                3.663418108828116e-05
            ],
            [
                0.0078657506782492,
                0.0514777449499919,
                0.8989079227587656,
                0.0417485816129931
            ]
        ],
        "final_answer": 4,
        "judge": "16",
        "text_id": "65ca2184f174b28977037c20"
    },
    {
        "known_questions": [
            "Q5",
            "Q7",
            "Q4"
        ],
        "llm_answers": [
            [
                0.0320259552460472,
                0.1596768643803421,
                0.7244043315369864,
                0.0838928488366243
            ],
            [
                0.0302876480575728,
                0.3515548956809768,
                0.5083124789603938,
                0.1098449773010564
            ],
            [
                0.0042425598246076,
                0.1190623516444858,
                0.876020987768895,
                0.0006741007620114
            ]
        ],
        "final_answer": 1,
        "judge": "16",
        "text_id": "65ca2346f174b28977037c2e"
    },
    {
        "known_questions": [
            "Q3",
            "Q2",
            "Q8",
            "Q0"
        ],
        "llm_answers": [
            [
                0.1950302643579902,
                0.3488680771678158,
                0.4549091271055736,
                0.0011925313686202
            ],
            [
                0.0126176504162876,
                0.0598180981851004,
                0.8144387131050896,
                0.1131255382935224
            ],
            [
                0.6626844126198607,
                0.0864467837453263,
                0.2508688036348129,
                0.0
            ],
            [
                0.0074631630155338,
                0.1216176517086539,
                0.3536045226830094,
                0.5173146625928028
            ]
        ],
        "final_answer": 4,
        "judge": "16",
        "text_id": "65c60309f174b28977037442"
    },
    {
        "known_questions": [
            "Q6",
            "Q8",
            "Q2",
            "Q3",
            "Q4",
            "Q1",
            "Q7",
            "Q0"
        ],
        "llm_answers": [
            [
                0.0136380411808792,
                0.7022397104825028,
                0.2835746867115025,
                0.0005475616251153
            ],
            [
                0.3062030948039925,
                0.2235508914353652,
                0.4702455900744586,
                0.0
            ],
            [
                0.004375284191476,
                0.1347605737032745,
                0.8565629876021675,
                0.0043011545030818
            ],
            [
                0.0050191762859517,
                0.299940113714067,
                0.6944747009243504,
                0.0005660090756309
            ],
            [
                0.0060608753825207,
                0.1929843007264643,
                0.8004516991058395,
                0.0005031247851754
            ],
            [
                0.0031757028460198,
                0.2244618987338502,
                0.6784596761767479,
                0.0939027222433821
            ],
            [
                0.0338211235405374,
                0.3274876236912193,
                0.5668665214478231,
                0.0718247313204201
            ],
            [
                0.0091757775766118,
                0.2449938577553359,
                0.4979415197180196,
                0.2478888449500326
            ]
        ],
        "final_answer": 4,
        "judge": "16",
        "text_id": "65ca2480f174b28977037c3c"
    },
    {
        "known_questions": [
            "Q2",
            "Q4",
            "Q5",
            "Q3",
            "Q7",
            "Q6",
            "Q1"
        ],
        "llm_answers": [
            [
                0.0126176504162876,
                0.0598180981851004,
                0.8144387131050896,
                0.1131255382935224
            ],
            [
                0.080058956495332,
                0.2111526474293819,
                0.7041664616721188,
                0.0046219344031671
            ],
            [
                0.0735172828877366,
                0.0925355152897481,
                0.5612726080827822,
                0.2726745937397329
            ],
            [
                0.1950302643579902,
                0.3488680771678158,
                0.4549091271055736,
                0.0011925313686202
            ],
            [
                0.058552706889166,
                0.2171302103044986,
                0.5822210351254502,
                0.1420960476808852
            ],
            [
                0.0071101028850406,
                0.3689091892576558,
                0.6235732337895821,
                0.0004074740677213
            ],
            [
                0.0021689229443091,
                0.0578996711711086,
                0.7815651215490174,
                0.1583662843355647
            ]
        ],
        "final_answer": 4,
        "judge": "16",
        "text_id": "65c60309f174b28977037442"
    },
    {
        "known_questions": [
            "Q8",
            "Q3",
            "Q5",
            "Q1"
        ],
        "llm_answers": [
            [
                0.197280118548223,
                0.3432344839683089,
                0.4594851117674143,
                0.0
            ],
            [
                0.0014721924435832,
                0.0784393290712898,
                0.917024562756184,
                0.0030639157289428
            ],
            [
                0.0376089169712939,
                0.2263980369942328,
                0.5843680902320851,
                0.1516249558023881
            ],
            [
                0.0006988312628346,
                0.097935395937924,
                0.7304423329334641,
                0.1709234398657773
            ]
        ],
        "final_answer": 3,
        "judge": "16",
        "text_id": "65ca225cf174b28977037c27"
    },
    {
        "known_questions": [
            "Q1",
            "Q3",
            "Q7",
            "Q6",
            "Q2",
            "Q5"
        ],
        "llm_answers": [
            [
                0.0063754361790517,
                0.2355162961019022,
                0.6730575031071385,
                0.0850507646119075
            ],
            [
                0.005011703474231,
                0.1802479624576482,
                0.8137319338101823,
                0.0010084002579384
            ],
            [
                0.1046419339715523,
                0.4615618754862526,
                0.4144909619702996,
                0.0193052285718955
            ],
            [
                0.0413495902112025,
                0.627268852862294,
                0.331193703504196,
                0.0001878534223075
            ],
            [
                0.0051384109848765,
                0.0869597340721341,
                0.8632699400018189,
                0.0446319149411704
            ],
            [
                0.0428596463023069,
                0.2508245617598687,
                0.6070709907103915,
                0.0992448012274328
            ]
        ],
        "final_answer": 4,
        "judge": "16",
        "text_id": "65c5fd8df174b28977037412"
    },
    {
        "known_questions": [
            "Q4",
            "Q2",
            "Q3"
        ],
        "llm_answers": [
            [
                0.0235313476409042,
                0.2307767226332476,
                0.7435524769707686,
                0.0021394527550793
            ],
            [
                0.024965145161821,
                0.161659174605474,
                0.7811145644738279,
                0.032261115758877
            ],
            [
                0.3505836139976398,
                0.5477064533550418,
                0.1014421448372727,
                0.0002677878100458
            ]
        ],
        "final_answer": 1,
        "judge": "16",
        "text_id": "65c5fc3bf174b2897703740b"
    },
    {
        "known_questions": [
            "Q4",
            "Q3",
            "Q8",
            "Q7"
        ],
        "llm_answers": [
            [
                0.0235313476409042,
                0.2307767226332476,
                0.7435524769707686,
                0.0021394527550793
            ],
            [
                0.3505836139976398,
                0.5477064533550418,
                0.1014421448372727,
                0.0002677878100458
            ],
            [
                0.5056218877623909,
                0.1252050887195569,
                0.369173023518052,
                0.0
            ],
            [
                0.0674575224839721,
                0.3277657260224443,
                0.4990086365187582,
                0.1057681149748252
            ]
        ],
        "final_answer": 1,
        "judge": "16",
        "text_id": "65c5fc3bf174b2897703740b"
    },
    {
        "known_questions": [
            "Q8",
            "Q3",
            "Q5",
            "Q1"
        ],
        "llm_answers": [
            [
                0.4326838039743953,
                0.1118715923154571,
                0.455444086106767,
                0.0
            ],
            [
                0.0030176258459227,
                0.1655913619544013,
                0.8254623210109839,
                0.0059286911886919
            ],
            [
                0.0611858177201356,
                0.3365406775619863,
                0.5373331891483626,
                0.0649403155695153
            ],
            [
                0.0063106394926528,
                0.1994660840911283,
                0.6953411283620952,
                0.0988821480541235
            ]
        ],
        "final_answer": 4,
        "judge": "16",
        "text_id": "65c602a2f174b2897703743c"
    },
    {
        "known_questions": [
            "Q3",
            "Q8",
            "Q5",
            "Q0"
        ],
        "llm_answers": [
            [
                0.3505836139976398,
                0.5477064533550418,
                0.1014421448372727,
                0.0002677878100458
            ],
            [
                0.5056218877623909,
                0.1252050887195569,
                0.369173023518052,
                0.0
            ],
            [
                0.085897711741479,
                0.1056215360137023,
                0.5614187095703954,
                0.247062042674423
            ],
            [
                0.0026486894625367,
                0.084944676105236,
                0.292032055465002,
                0.6203745789672251
            ]
        ],
        "final_answer": 1,
        "judge": "16",
        "text_id": "65c5fc3bf174b2897703740b"
    },
    {
        "known_questions": [
            "Q8",
            "Q4",
            "Q0"
        ],
        "llm_answers": [
            [
                0.5056218877623909,
                0.1252050887195569,
                0.369173023518052,
                0.0
            ],
            [
                0.0235313476409042,
                0.2307767226332476,
                0.7435524769707686,
                0.0021394527550793
            ],
            [
                0.0026486894625367,
                0.084944676105236,
                0.292032055465002,
                0.6203745789672251
            ]
        ],
        "final_answer": 1,
        "judge": "16",
        "text_id": "65c5fc3bf174b2897703740b"
    },
    {
        "known_questions": [
            "Q1",
            "Q6",
            "Q5"
        ],
        "llm_answers": [
            [
                0.0014249760955416,
                0.1549967793817946,
                0.750479952497403,
                0.0930982920252608
            ],
            [
                0.0287164949161289,
                0.5440597870169932,
                0.4269999488425149,
                0.0002237692243627
            ],
            [
                0.0399931751208194,
                0.2811045650067159,
                0.57132114525917,
                0.1075811146132947
            ]
        ],
        "final_answer": 1,
        "judge": "16",
        "text_id": "65c60203f174b28977037433"
    },
    {
        "known_questions": [
            "Q1",
            "Q7",
            "Q4",
            "Q5"
        ],
        "llm_answers": [
            [
                8.745056934537133e-05,
                0.0249773754465296,
                0.8585311234627111,
                0.1164040505214138
            ],
            [
                0.0302876480575728,
                0.3515548956809768,
                0.5083124789603938,
                0.1098449773010564
            ],
            [
                0.0042425598246076,
                0.1190623516444858,
                0.876020987768895,
                0.0006741007620114
            ],
            [
                0.0320259552460472,
                0.1596768643803421,
                0.7244043315369864,
                0.0838928488366243
            ]
        ],
        "final_answer": 1,
        "judge": "16",
        "text_id": "65ca2346f174b28977037c2e"
    },
    {
        "known_questions": [
            "Q6",
            "Q8",
            "Q2",
            "Q3",
            "Q4",
            "Q1",
            "Q7",
            "Q0"
        ],
        "llm_answers": [
            [
                0.011130822855306,
                0.5060952809578297,
                0.4826395461817896,
                0.0001343500050743
            ],
            [
                0.5577353941206034,
                0.1131928776865195,
                0.329071728192877,
                0.0
            ],
            [
                0.0098312287266367,
                0.1010212836623141,
                0.852577235576707,
                0.0365702520343421
            ],
            [
                0.7166269590312049,
                0.2207857876746334,
                0.0623296817497476,
                0.0002575715444141
            ],
            [
                0.0101885582077472,
                0.1810397184830836,
                0.8076010820934313,
                0.0011706412157379
            ],
            [
                0.000125373522884,
                0.0170256254012281,
                0.8267634461940154,
                0.1560855548818725
            ],
            [
                0.0356988362652622,
                0.2597347429053772,
                0.486275867101953,
                0.2182905537274076
            ],
            [
                0.0009496417388054,
                0.0908838318057032,
                0.3642658351526662,
                0.5439006913028251
            ]
        ],
        "final_answer": 2,
        "judge": "16",
        "text_id": "65ca1fe6f174b28977037c13"
    },
    {
        "known_questions": [
            "Q5",
            "Q1",
            "Q8"
        ],
        "llm_answers": [
            [
                0.0428596463023069,
                0.2508245617598687,
                0.6070709907103915,
                0.0992448012274328
            ],
            [
                0.0063754361790517,
                0.2355162961019022,
                0.6730575031071385,
                0.0850507646119075
            ],
            [
                0.214497109936508,
                0.3138488387647715,
                0.4716535985579446,
                0.0
            ]
        ],
        "final_answer": 4,
        "judge": "16",
        "text_id": "65c5fd8df174b28977037412"
    },
    {
        "known_questions": [
            "Q8",
            "Q2",
            "Q4"
        ],
        "llm_answers": [
            [
                0.2273606397249452,
                0.4384706768375542,
                0.3341682063570023,
                0.0
            ],
            [
                0.0016128219285451,
                0.0720082787734549,
                0.9121038930194452,
                0.0142750062785546
            ],
            [
                0.0010472092440383,
                0.092558165485918,
                0.9027883395258484,
                0.0036062857441951
            ]
        ],
        "final_answer": 4,
        "judge": "16",
        "text_id": "65c5fe6cf174b28977037419"
    },
    {
        "known_questions": [
            "Q3",
            "Q4",
            "Q8",
            "Q0"
        ],
        "llm_answers": [
            [
                0.3505836139976398,
                0.5477064533550418,
                0.1014421448372727,
                0.0002677878100458
            ],
            [
                0.0235313476409042,
                0.2307767226332476,
                0.7435524769707686,
                0.0021394527550793
            ],
            [
                0.5056218877623909,
                0.1252050887195569,
                0.369173023518052,
                0.0
            ],
            [
                0.0026486894625367,
                0.084944676105236,
                0.292032055465002,
                0.6203745789672251
            ]
        ],
        "final_answer": 1,
        "judge": "16",
        "text_id": "65c5fc3bf174b2897703740b"
    },
    {
        "known_questions": [
            "Q4",
            "Q2",
            "Q6",
            "Q8",
            "Q7",
            "Q0"
        ],
        "llm_answers": [
            [
                0.0006119140235102,
                0.0267882540359109,
                0.9723452036524228,
                0.0002546282881558
            ],
            [
                0.0009591106190047,
                0.0243347978803689,
                0.9698757829993064,
                0.0048303085013197
            ],
            [
                0.0004448663514148,
                0.3072705482549446,
                0.6922204014934654,
                6.418390017510937e-05
            ],
            [
                0.2240558768692756,
                0.2422751033148371,
                0.533668772908077,
                0.0
            ],
            [
                0.0073780397432028,
                0.2039720318921866,
                0.7221774511261791,
                0.0664724772384313
            ],
            [
                0.102004765686116,
                0.4430912715363954,
                0.4488219740856769,
                0.0060819886918116
            ]
        ],
        "final_answer": 2,
        "judge": "16",
        "text_id": "65c5ffe4f174b2897703741f"
    },
    {
        "known_questions": [
            "Q1",
            "Q2",
            "Q0"
        ],
        "llm_answers": [
            [
                0.0017129573796683,
                0.1513761408629791,
                0.7639191572973862,
                0.0829917444599661
            ],
            [
                0.0012397677411291,
                0.0364822140867563,
                0.8665739739890673,
                0.0957040441830474
            ],
            [
                0.0005776092695876,
                0.0391112894058126,
                0.2687755532877596,
                0.6915355480368401
            ]
        ],
        "final_answer": 3,
        "judge": "16",
        "text_id": "65ca24fff174b28977037c42"
    },
    {
        "known_questions": [
            "Q6",
            "Q3",
            "Q2",
            "Q7"
        ],
        "llm_answers": [
            [
                0.0015652169414483,
                0.2434740181334403,
                0.7549241307440231,
                3.663418108828116e-05
            ],
            [
                0.2224471939456033,
                0.4514466448829684,
                0.3257576639623309,
                0.0003484972090973
            ],
            [
                0.0078657506782492,
                0.0514777449499919,
                0.8989079227587656,
                0.0417485816129931
            ],
            [
                0.0172287075256187,
                0.1227074582991283,
                0.6702191407834076,
                0.1898446933918452
            ]
        ],
        "final_answer": 4,
        "judge": "16",
        "text_id": "65ca2184f174b28977037c20"
    },
    {
        "known_questions": [
            "Q8",
            "Q5",
            "Q2",
            "Q0"
        ],
        "llm_answers": [
            [
                0.3062030948039925,
                0.2235508914353652,
                0.4702455900744586,
                0.0
            ],
            [
                0.0440745152075304,
                0.2843522905078198,
                0.5679167999106537,
                0.1036563943739959
            ],
            [
                0.004375284191476,
                0.1347605737032745,
                0.8565629876021675,
                0.0043011545030818
            ],
            [
                0.0091757775766118,
                0.2449938577553359,
                0.4979415197180196,
                0.2478888449500326
            ]
        ],
        "final_answer": 4,
        "judge": "16",
        "text_id": "65ca2480f174b28977037c3c"
    },
    {
        "known_questions": [
            "Q3",
            "Q7",
            "Q5",
            "Q2",
            "Q8",
            "Q0"
        ],
        "llm_answers": [
            [
                0.005011703474231,
                0.1802479624576482,
                0.8137319338101823,
                0.0010084002579384
            ],
            [
                0.1046419339715523,
                0.4615618754862526,
                0.4144909619702996,
                0.0193052285718955
            ],
            [
                0.0428596463023069,
                0.2508245617598687,
                0.6070709907103915,
                0.0992448012274328
            ],
            [
                0.0051384109848765,
