[
    {
        "known_questions": [
            "Q2",
            "Q6"
        ],
        "llm_answers": [
            [
                0.0239728286219104,
                0.1653776668262782,
                0.7880387298758765,
                0.0226107746759349
            ],
            [
                0.0678866031269297,
                0.6733097269363437,
                0.257461762030252,
                0.0013419079064744
            ]
        ],
        "final_answer": 3,
        "judge": "18",
        "text_id": "65ca0f6ff174b28977037bf6"
    },
    {
        "known_questions": [
            "Q3"
        ],
        "llm_answers": [
            [
                0.0014404494947229,
                0.0716819314669911,
                0.9240789243828468,
                0.0027986946554391
            ]
        ],
        "final_answer": 1,
        "judge": "18",
        "text_id": "65ca0914f174b28977037bc2"
    },
    {
        "known_questions": [
            "Q4",
            "Q7",
            "Q8",
            "Q5",
            "Q1",
            "Q3",
            "Q2",
            "Q0"
        ],
        "llm_answers": [
            [
                0.0061073528658555,
                0.1587914860574225,
                0.8346813983093478,
                0.000419762767374
            ],
            [
                0.0827968531812361,
                0.4817907328736354,
                0.4113098467941424,
                0.0241025671509858
            ],
            [
                0.4781083533525926,
                0.1286077516826848,
                0.3932834652366387,
                0.0
            ],
            [
                0.0679005576359225,
                0.2972235790871697,
                0.5454051140898317,
                0.0894707491870759
            ],
            [
                0.028380760383275,
                0.2646544900889878,
                0.6388367307523974,
                0.0681280187753397
            ],
            [
                0.0072342291905966,
                0.2947955942848774,
                0.6973902930980956,
                0.0005798834264302
            ],
            [
                0.0085054794183008,
                0.0944784525592239,
                0.8437896158929655,
                0.0532264521295096
            ],
            [
                0.0218282533635258,
                0.267101371939267,
                0.359323413616321,
                0.3517469610808861
            ]
        ],
        "final_answer": 3,
        "judge": "18",
        "text_id": "65c9f2fff174b28977037b2e"
    },
    {
        "known_questions": [
            "Q2"
        ],
        "llm_answers": [
            [
                0.0102711722802762,
                0.1988677365915276,
                0.7586782037464633,
                0.0321828873817328
            ]
        ],
        "final_answer": 1,
        "judge": "18",
        "text_id": "65ca0d9af174b28977037be7"
    },
    {
        "known_questions": [
            "Q6",
            "Q3",
            "Q8",
            "Q5",
            "Q1"
        ],
        "llm_answers": [
            [
                0.0029919697822264,
                0.3550805838719661,
                0.6419030697145137,
                2.437663129384205e-05
            ],
            [
                0.0181139534392936,
                0.2935730936099248,
                0.6880403465966078,
                0.0002726063541735
            ],
            [
                0.2331362182500719,
                0.3737470046731074,
                0.3931167770768206,
                0.0
            ],
            [
                0.0117476832156376,
                0.0867821320061241,
                0.7707252911110477,
                0.1307448936671904
            ],
            [
                0.0019091498961144,
                0.0742663059563789,
                0.8425228574917011,
                0.0813016866558055
            ]
        ],
        "final_answer": 3,
        "judge": "18",
        "text_id": "65c7bcc7f174b289770375d4"
    },
    {
        "known_questions": [
            "Q2",
            "Q6"
        ],
        "llm_answers": [
            [
                0.0024310193639634,
                0.0621815206990762,
                0.915678582595083,
                0.0197088773418773
            ],
            [
                0.0424198875927447,
                0.6522526450432279,
                0.3049964384324118,
                0.0003310289316154
            ]
        ],
        "final_answer": 1,
        "judge": "18",
        "text_id": "65c7bf51f174b289770375e3"
    },
    {
        "known_questions": [
            "Q1",
            "Q7",
            "Q4",
            "Q5"
        ],
        "llm_answers": [
            [
                3.429697528479982e-05,
                0.0060453409664635,
                0.8691097372260855,
                0.1248106248321661
            ],
            [
                0.0483102969320736,
                0.2861041842089931,
                0.5711433077358148,
                0.0944422111231184
            ],
            [
                0.0048180875456472,
                0.144826051083113,
                0.8491524246780991,
                0.0012034366931405
            ],
            [
                0.0300677215710357,
                0.1706210001459094,
                0.6333320709807534,
                0.1659792073023014
            ]
        ],
        "final_answer": 2,
        "judge": "18",
        "text_id": "65ca0c58f174b28977037bd6"
    },
    {
        "known_questions": [
            "Q1",
            "Q5",
            "Q2",
            "Q4",
            "Q0"
        ],
        "llm_answers": [
            [
                0.0135969655301866,
                0.2665027720035399,
                0.647102046782352,
                0.0727982156839214
            ],
            [
                0.0921763427030569,
                0.3157197682816842,
                0.5045437981061173,
                0.0875600909091416
            ],
            [
                0.0044501971734389,
                0.1746607469960319,
                0.8173238731197102,
                0.0035651827108187
            ],
            [
                0.0175285432236975,
                0.2372830170796131,
                0.7429920565272918,
                0.0021963831693975
            ],
            [
                0.0070501415600724,
                0.1904328037395748,
                0.370038108420437,
                0.4324789462799157
            ]
        ],
        "final_answer": 3,
        "judge": "18",
        "text_id": "65c9fb2ff174b28977037b90"
    },
    {
        "known_questions": [
            "Q7",
            "Q2",
            "Q0"
        ],
        "llm_answers": [
            [
                0.0382313331989599,
                0.2869344292686661,
                0.594439307072976,
                0.0803949304593977
            ],
            [
                0.0013689030278426,
                0.0435776676599644,
                0.9153011250016384,
                0.0397523043105543
            ],
            [
                0.0020732612450783,
                0.0942621893768158,
                0.3013336577187236,
                0.6023308916593824
            ]
        ],
        "final_answer": 1,
        "judge": "18",
        "text_id": "65ca0914f174b28977037bc2"
    },
    {
        "known_questions": [
            "Q1",
            "Q4",
            "Q8",
            "Q5",
            "Q2",
            "Q7"
        ],
        "llm_answers": [
            [
                0.0131391241201141,
                0.2737682794941333,
                0.6546774183867935,
                0.0584151779989589
            ],
            [
                0.0049412732187024,
                0.1623981497618981,
                0.8322555245901953,
                0.0004050524292041
            ],
            [
                0.3290212209652186,
                0.2632503683094361,
                0.4077277817362574,
                0.0
            ],
            [
                0.0551598790294285,
                0.3396871543756571,
                0.5731207341473017,
                0.0320322324476126
            ],
            [
                0.0013689030278426,
                0.0435776676599644,
                0.9153011250016384,
                0.0397523043105543
            ],
            [
                0.0382313331989599,
                0.2869344292686661,
                0.594439307072976,
                0.0803949304593977
            ]
        ],
        "final_answer": 1,
        "judge": "18",
        "text_id": "65ca0914f174b28977037bc2"
    },
    {
        "known_questions": [
            "Q3",
            "Q6",
            "Q0"
        ],
        "llm_answers": [
            [
                0.0388234906845225,
                0.4022548461647846,
                0.5581188281835728,
                0.0008028349671199
            ],
            [
                0.0097797539910929,
                0.5429282253087809,
                0.447203223252341,
                8.879744778520701e-05
            ],
            [
                0.0058173251054857,
                0.1716431568493079,
                0.4255450476063119,
                0.3969944704388943
            ]
        ],
        "final_answer": 3,
        "judge": "18",
        "text_id": "65c7c103f174b289770375f1"
    },
    {
        "known_questions": [
            "Q8",
            "Q6",
            "Q2",
            "Q3",
            "Q5",
            "Q1",
            "Q7"
        ],
        "llm_answers": [
            [
                0.269968873894845,
                0.1956111520374739,
                0.5344196012213593,
                0.0
            ],
            [
                0.0076306801311556,
                0.488710642107846,
                0.5035685150210257,
                9.016273997257496e-05
            ],
            [
                0.0029448193620671,
                0.0347558352252017,
                0.9067509973352994,
                0.0555483480774317
            ],
            [
                0.0652966208635465,
                0.5823854927030544,
                0.3520045448657293,
                0.0003133415676696
            ],
            [
                0.018499536049441,
                0.0797720548568493,
                0.6472623527090874,
                0.2544660563846223
            ],
            [
                0.0002612048030546,
                0.0234257467668025,
                0.8771319846586592,
                0.0991810637714837
            ],
            [
                0.05540520870505,
                0.2431752578932763,
                0.6195879307666157,
                0.0818316026350579
            ]
        ],
        "final_answer": 4,
        "judge": "18",
        "text_id": "65ca189ff174b28977037bfe"
    },
    {
        "known_questions": [
            "Q2",
            "Q3"
        ],
        "llm_answers": [
            [
                0.0044447385984438,
                0.1244102110382414,
                0.8642932485286785,
                0.0068518018346361
            ],
            [
                0.007645404057479,
                0.360154422368157,
                0.6316122582863704,
                0.0005879152879936
            ]
        ],
        "final_answer": 2,
        "judge": "18",
        "text_id": "65c7b5cbf174b289770375c0"
    },
    {
        "known_questions": [
            "Q3",
            "Q8"
        ],
        "llm_answers": [
            [
                0.099861389097646,
                0.3743789858260289,
                0.5256289078785007,
                0.0001307171978242
            ],
            [
                0.385008259196769,
                0.1452154724834276,
                0.4697762683198033,
                0.0
            ]
        ],
        "final_answer": 3,
        "judge": "18",
        "text_id": "65c7c59ff174b289770375f8"
    },
    {
        "known_questions": [
            "Q8",
            "Q6",
            "Q2",
            "Q3",
            "Q5",
            "Q1",
            "Q7"
        ],
        "llm_answers": [
            [
                0.231430370099727,
                0.1966418101501346,
                0.5719266513070953,
                0.0
            ],
            [
                0.0502359388972852,
                0.48660469789869,
                0.4606079212160043,
                0.0025514419880203
            ],
            [
                0.0044501971734389,
                0.1746607469960319,
                0.8173238731197102,
                0.0035651827108187
            ],
            [
                0.010595254737078,
                0.2991805192649876,
                0.6827325724949942,
                0.0074916535029401
            ],
            [
                0.0921763427030569,
                0.3157197682816842,
                0.5045437981061173,
                0.0875600909091416
            ],
            [
                0.0135969655301866,
                0.2665027720035399,
                0.647102046782352,
                0.0727982156839214
            ],
            [
                0.0481000491082241,
                0.2857002539404058,
                0.5485159167997036,
                0.1176837801516664
            ]
        ],
        "final_answer": 3,
        "judge": "18",
        "text_id": "65c9fb2ff174b28977037b90"
    },
    {
        "known_questions": [
            "Q8",
            "Q5",
            "Q0"
        ],
        "llm_answers": [
            [
                0.4781083533525926,
                0.1286077516826848,
                0.3932834652366387,
                0.0
            ],
            [
                0.0679005576359225,
                0.2972235790871697,
                0.5454051140898317,
                0.0894707491870759
            ],
            [
                0.0218282533635258,
                0.267101371939267,
                0.359323413616321,
                0.3517469610808861
            ]
        ],
        "final_answer": 3,
        "judge": "18",
        "text_id": "65c9f2fff174b28977037b2e"
    },
    {
        "known_questions": [
            "Q7",
            "Q4",
            "Q8",
            "Q5"
        ],
        "llm_answers": [
            [
                0.05540520870505,
                0.2431752578932763,
                0.6195879307666157,
                0.0818316026350579
            ],
            [
                0.0030546480407645,
                0.0626141429545973,
                0.9323133796063112,
                0.0020178293983269
            ],
            [
                0.269968873894845,
                0.1956111520374739,
                0.5344196012213593,
                0.0
            ],
            [
                0.018499536049441,
                0.0797720548568493,
                0.6472623527090874,
                0.2544660563846223
            ]
        ],
        "final_answer": 4,
        "judge": "18",
        "text_id": "65ca189ff174b28977037bfe"
    },
    {
        "known_questions": [
            "Q7",
            "Q8",
            "Q3"
        ],
        "llm_answers": [
            [
                0.0189110691096805,
                0.2856280436818888,
                0.6051522128099128,
                0.0903086743985177
            ],
            [
                0.255644426769302,
                0.1919218429243935,
                0.5524337303063045,
                0.0
            ],
            [
                0.0814876151955657,
                0.6169893593119852,
                0.3012741501030822,
                0.0002488753893669
            ]
        ],
        "final_answer": 1,
        "judge": "18",
        "text_id": "65c7b249f174b289770375b8"
    },
    {
        "known_questions": [
            "Q3",
            "Q2",
            "Q1"
        ],
        "llm_answers": [
            [
                0.007645404057479,
                0.360154422368157,
                0.6316122582863704,
                0.0005879152879936
            ],
            [
                0.0044447385984438,
                0.1244102110382414,
                0.8642932485286785,
                0.0068518018346361
            ],
            [
                0.0074000882529194,
                0.265850448292297,
                0.6558011291565359,
                0.0709483342982474
            ]
        ],
        "final_answer": 2,
        "judge": "18",
        "text_id": "65c7b5cbf174b289770375c0"
    },
    {
        "known_questions": [
            "Q7",
            "Q1",
            "Q0"
        ],
        "llm_answers": [
            [
                0.0636028094443868,
                0.4200973386114924,
                0.4356655418065057,
                0.0806343101376149
            ],
            [
                0.0529860051747992,
                0.4034088183631506,
                0.4296206136406056,
                0.1139845628214445
            ],
            [
                0.0143456604654837,
                0.2464269966256296,
                0.3640475496038302,
                0.3751797933050565
            ]
        ],
        "final_answer": 3,
        "judge": "18",
        "text_id": "65ca0f6ff174b28977037bf6"
    },
    {
        "known_questions": [
            "Q4",
            "Q1",
            "Q6",
            "Q0"
        ],
        "llm_answers": [
            [
                0.0030546480407645,
                0.0626141429545973,
                0.9323133796063112,
                0.0020178293983269
            ],
            [
                0.0002612048030546,
                0.0234257467668025,
                0.8771319846586592,
                0.0991810637714837
            ],
            [
                0.0076306801311556,
                0.488710642107846,
                0.5035685150210257,
                9.016273997257496e-05
            ],
            [
                0.0040906332989976,
                0.1644773052857104,
                0.4259191965844894,
                0.4055128648308025
            ]
        ],
        "final_answer": 4,
        "judge": "18",
        "text_id": "65ca189ff174b28977037bfe"
    },
    {
        "known_questions": [
            "Q6",
            "Q4",
            "Q3"
        ],
        "llm_answers": [
            [
                0.0502359388972852,
                0.48660469789869,
                0.4606079212160043,
                0.0025514419880203
            ],
            [
                0.0175285432236975,
                0.2372830170796131,
                0.7429920565272918,
                0.0021963831693975
            ],
            [
                0.010595254737078,
                0.2991805192649876,
                0.6827325724949942,
                0.0074916535029401
            ]
        ],
        "final_answer": 3,
        "judge": "18",
        "text_id": "65c9fb2ff174b28977037b90"
    },
    {
        "known_questions": [
            "Q6",
            "Q4"
        ],
        "llm_answers": [
            [
                0.0109687631154248,
                0.4937775520968802,
                0.4951922724659224,
                6.141232177265e-05
            ],
            [
                0.0049412732187024,
                0.1623981497618981,
                0.8322555245901953,
                0.0004050524292041
            ]
        ],
        "final_answer": 1,
        "judge": "18",
        "text_id": "65ca0914f174b28977037bc2"
    },
    {
        "known_questions": [
            "Q5",
            "Q1",
            "Q8"
        ],
        "llm_answers": [
            [
                0.0679005576359225,
                0.2972235790871697,
                0.5454051140898317,
                0.0894707491870759
            ],
            [
                0.028380760383275,
                0.2646544900889878,
                0.6388367307523974,
                0.0681280187753397
            ],
            [
                0.4781083533525926,
                0.1286077516826848,
                0.3932834652366387,
                0.0
            ]
        ],
        "final_answer": 3,
        "judge": "18",
        "text_id": "65c9f2fff174b28977037b2e"
    },
    {
        "known_questions": [
            "Q4",
            "Q5",
            "Q3",
            "Q0"
        ],
        "llm_answers": [
            [
                0.001372684247264,
                0.0713748614971229,
                0.9268788229839448,
                0.0003736312716683
            ],
            [
                0.0117476832156376,
                0.0867821320061241,
                0.7707252911110477,
                0.1307448936671904
            ],
            [
                0.0181139534392936,
                0.2935730936099248,
                0.6880403465966078,
                0.0002726063541735
            ],
            [
                0.0216085418166506,
                0.2810659083144614,
                0.4052215242359397,
                0.292104025632948
            ]
        ],
        "final_answer": 3,
        "judge": "18",
        "text_id": "65c7bcc7f174b289770375d4"
    },
    {
        "known_questions": [
            "Q7",
            "Q6",
            "Q4",
            "Q0"
        ],
        "llm_answers": [
            [
                0.0483102969320736,
                0.2861041842089931,
                0.5711433077358148,
                0.0944422111231184
            ],
            [
                0.0087988477110056,
                0.5420292143378254,
                0.4490915304516076,
                8.040749956138566e-05
            ],
            [
                0.0048180875456472,
                0.144826051083113,
                0.8491524246780991,
                0.0012034366931405
            ],
            [
                0.0071424582542006,
                0.187644442793862,
                0.49877670488591,
                0.3064363940660273
            ]
        ],
        "final_answer": 2,
        "judge": "18",
        "text_id": "65ca0c58f174b28977037bd6"
    },
    {
        "known_questions": [
            "Q4",
            "Q5",
            "Q6"
        ],
        "llm_answers": [
            [
                0.0091849876660927,
                0.4288268934976077,
                0.5593031734812021,
                0.0026849453550973
            ],
            [
                0.0629624634630959,
                0.4317838737346756,
                0.4615493262940346,
                0.0437043365081937
            ],
            [
                0.0497672442128282,
                0.8158870292963113,
                0.13410169377447,
                0.0002440327163904
            ]
        ],
        "final_answer": 3,
        "judge": "18",
        "text_id": "65ca1988f174b28977037c05"
    },
    {
        "known_questions": [
            "Q4",
            "Q1",
            "Q6"
        ],
        "llm_answers": [
            [
                0.0061073528658555,
                0.1587914860574225,
                0.8346813983093478,
                0.000419762767374
            ],
            [
                0.028380760383275,
                0.2646544900889878,
                0.6388367307523974,
                0.0681280187753397
            ],
            [
                0.027099419401481,
                0.7025252427879426,
                0.2702979592627481,
                7.737854782829896e-05
            ]
        ],
        "final_answer": 3,
        "judge": "18",
        "text_id": "65c9f2fff174b28977037b2e"
    },
    {
        "known_questions": [
            "Q8",
            "Q5",
            "Q2",
            "Q0"
        ],
        "llm_answers": [
            [
                0.4278574318636573,
                0.1392187555496979,
                0.4329231705191469,
                0.0
            ],
            [
                0.0416468650147574,
                0.2286932523054702,
                0.4970153922933538,
                0.2326444903864185
            ],
            [
                0.0068948997934539,
                0.1082370336214837,
                0.8565623813004923,
                0.0283056852845699
            ],
            [
                0.0026236001301926,
                0.0908919346988075,
                0.4207878258588133,
                0.4856966393121865
            ]
        ],
        "final_answer": 1,
        "judge": "18",
        "text_id": "65c9ef50f174b28977037aee"
    },
    {
        "known_questions": [
            "Q8",
            "Q6",
            "Q0"
        ],
        "llm_answers": [
            [
                0.2664328082171427,
                0.356161501917236,
                0.3774054391722301,
                0.0
            ],
            [
                0.0208371477117891,
                0.5611372575610856,
                0.4179700760149376,
                5.551871218771518e-05
            ],
            [
                0.0046292723440255,
                0.1210039747982401,
                0.3314249187824992,
                0.5429418340752351
            ]
        ],
        "final_answer": 1,
        "judge": "18",
        "text_id": "65c9ebedf174b28977037aad"
    },
    {
        "known_questions": [
            "Q3",
            "Q7",
            "Q5",
            "Q2",
            "Q8",
            "Q0"
        ],
        "llm_answers": [
            [
                0.0010030551826929,
                0.1097003464139734,
                0.88621317021827,
                0.0030834281850636
            ],
            [
                0.0641065023608111,
                0.3516690377611638,
                0.4952644982050216,
                0.0889599616730033
            ],
            [
                0.0416468650147574,
                0.2286932523054702,
                0.4970153922933538,
                0.2326444903864185
            ],
            [
                0.0068948997934539,
                0.1082370336214837,
                0.8565623813004923,
                0.0283056852845699
            ],
            [
                0.4278574318636573,
                0.1392187555496979,
                0.4329231705191469,
                0.0
            ],
            [
                0.0026236001301926,
                0.0908919346988075,
                0.4207878258588133,
                0.4856966393121865
            ]
        ],
        "final_answer": 1,
        "judge": "18",
        "text_id": "65c9ef50f174b28977037aee"
    },
    {
        "known_questions": [
            "Q6",
            "Q7",
            "Q3"
        ],
        "llm_answers": [
            [
                0.0097797539910929,
                0.5429282253087809,
                0.447203223252341,
                8.879744778520701e-05
            ],
            [
                0.0393358387592363,
                0.4641593412017472,
                0.4671515536494588,
                0.0293532663895575
            ],
            [
                0.0388234906845225,
                0.4022548461647846,
                0.5581188281835728,
                0.0008028349671199
            ]
        ],
        "final_answer": 3,
        "judge": "18",
        "text_id": "65c7c103f174b289770375f1"
    },
    {
        "known_questions": [
            "Q1",
            "Q2",
            "Q0"
        ],
        "llm_answers": [
            [
                0.0131391241201141,
                0.2737682794941333,
                0.6546774183867935,
                0.0584151779989589
            ],
            [
                0.0013689030278426,
                0.0435776676599644,
                0.9153011250016384,
                0.0397523043105543
            ],
            [
                0.0020732612450783,
                0.0942621893768158,
                0.3013336577187236,
                0.6023308916593824
            ]
        ],
        "final_answer": 1,
        "judge": "18",
        "text_id": "65ca0914f174b28977037bc2"
    },
    {
        "known_questions": [
            "Q7",
            "Q6",
            "Q4",
            "Q8",
            "Q1",
            "Q5",
            "Q3"
        ],
        "llm_answers": [
            [
                0.0483102969320736,
                0.2861041842089931,
                0.5711433077358148,
                0.0944422111231184
            ],
            [
                0.0087988477110056,
                0.5420292143378254,
                0.4490915304516076,
                8.040749956138566e-05
            ],
            [
                0.0048180875456472,
                0.144826051083113,
                0.8491524246780991,
                0.0012034366931405
            ],
            [
                0.3409608721013605,
                0.2335378181584205,
                0.4255013097402189,
                0.0
            ],
            [
                3.429697528479982e-05,
                0.0060453409664635,
                0.8691097372260855,
                0.1248106248321661
            ],
            [
                0.0300677215710357,
                0.1706210001459094,
                0.6333320709807534,
                0.1659792073023014
            ],
            [
                0.0565595835377078,
                0.7726449265547677,
                0.1703567654584533,
                0.0004387244490709
            ]
        ],
        "final_answer": 2,
        "judge": "18",
        "text_id": "65ca0c58f174b28977037bd6"
    },
    {
        "known_questions": [
            "Q7",
            "Q8",
            "Q3"
        ],
        "llm_answers": [
            [
                0.0973710111375276,
                0.5137626762253679,
                0.3706547511412444,
                0.0182115614958599
            ],
            [
                0.4117966945594911,
                0.0464995329171834,
                0.5417024349942385,
                0.0
            ],
            [
                0.00102403396272,
                0.1194606457406248,
                0.8738081930221072,
                0.0057071272745478
            ]
        ],
        "final_answer": 3,
        "judge": "18",
        "text_id": "65ca1988f174b28977037c05"
    },
    {
        "known_questions": [
            "Q3",
            "Q6",
            "Q0"
        ],
        "llm_answers": [
            [
                0.0048079967318289,
                0.3793053363340372,
                0.6143219980632636,
                0.0015646688708702
            ],
            [
                0.0208371477117891,
                0.5611372575610856,
                0.4179700760149376,
                5.551871218771518e-05
            ],
            [
                0.0046292723440255,
                0.1210039747982401,
                0.3314249187824992,
                0.5429418340752351
            ]
        ],
        "final_answer": 1,
        "judge": "18",
        "text_id": "65c9ebedf174b28977037aad"
    },
    {
        "known_questions": [
            "Q8",
            "Q7",
            "Q0"
        ],
        "llm_answers": [
            [
                0.3638937944710604,
                0.2269496874285537,
                0.4091562660403215,
                0.0
            ],
            [
                0.05399217645168,
                0.3170558545083598,
                0.5363030620429564,
                0.0926489069970036
            ],
            [
                0.0046776770767643,
                0.1208256425317414,
                0.41650769448413,
                0.4579889859073641
            ]
        ],
        "final_answer": 1,
        "judge": "18",
        "text_id": "65c7bf51f174b289770375e3"
    },
    {
        "known_questions": [
            "Q4",
            "Q3",
            "Q1"
        ],
        "llm_answers": [
            [
                0.001372684247264,
                0.0713748614971229,
                0.9268788229839448,
                0.0003736312716683
            ],
            [
                0.0181139534392936,
                0.2935730936099248,
                0.6880403465966078,
                0.0002726063541735
            ],
            [
                0.0019091498961144,
                0.0742663059563789,
                0.8425228574917011,
                0.0813016866558055
            ]
        ],
        "final_answer": 3,
        "judge": "18",
        "text_id": "65c7bcc7f174b289770375d4"
    },
    {
        "known_questions": [
            "Q5",
            "Q1"
        ],
        "llm_answers": [
            [
                0.0594922240517313,
                0.2847976464985999,
                0.5470751319898011,
                0.1086349974598677
            ],
            [
                0.0040911901359066,
                0.2407195383425041,
                0.7124025027261524,
                0.0427867687954368
            ]
        ],
        "final_answer": 3,
        "judge": "18",
        "text_id": "65c7c103f174b289770375f1"
    },
    {
        "known_questions": [
            "Q6",
            "Q4"
        ],
        "llm_answers": [
            [
                0.0277294905936133,
                0.6687213319854692,
                0.3033524677149454,
                0.000196709705972
            ],
            [
                0.0025993505863629,
                0.1520081046290552,
                0.8437871403012753,
                0.0016054044833064
            ]
        ],
        "final_answer": 2,
        "judge": "18",
        "text_id": "65c7b5cbf174b289770375c0"
    },
    {
        "known_questions": [
            "Q2",
            "Q4",
            "Q5",
            "Q3",
            "Q7",
            "Q6",
            "Q1"
        ],
        "llm_answers": [
            [
                0.0024310193639634,
                0.0621815206990762,
                0.915678582595083,
                0.0197088773418773
            ],
            [
                0.0022294828745435,
                0.1081172583654785,
                0.8879283508496231,
                0.0017249079103548
            ],
            [
                0.0455353365600956,
                0.1826567397250109,
                0.5603455137068292,
                0.2114624100080642
            ],
            [
                0.0023164062070183,
                0.1736562266402203,
                0.8227418450570902,
                0.0012855220956711
            ],
            [
                0.05399217645168,
                0.3170558545083598,
                0.5363030620429564,
                0.0926489069970036
            ],
            [
                0.0424198875927447,
                0.6522526450432279,
                0.3049964384324118,
                0.0003310289316154
            ],
            [
                0.0014254599257265,
                0.1373110673434205,
                0.7042589650086925,
                0.1570045077221605
            ]
        ],
        "final_answer": 1,
        "judge": "18",
        "text_id": "65c7bf51f174b289770375e3"
    },
    {
        "known_questions": [
            "Q1",
            "Q3",
            "Q8"
        ],
        "llm_answers": [
            [
                0.0040911901359066,
                0.2407195383425041,
                0.7124025027261524,
                0.0427867687954368
            ],
            [
                0.0388234906845225,
                0.4022548461647846,
                0.5581188281835728,
                0.0008028349671199
            ],
            [
                0.4731780805889402,
                0.110975232897704,
                0.4158462910725891,
                0.0
            ]
        ],
        "final_answer": 3,
        "judge": "18",
        "text_id": "65c7c103f174b289770375f1"
    },
    {
        "known_questions": [
            "Q6",
            "Q1",
            "Q2",
            "Q4",
            "Q3"
        ],
        "llm_answers": [
            [
                0.0277294905936133,
                0.6687213319854692,
                0.3033524677149454,
                0.000196709705972
            ],
            [
                0.0074000882529194,
                0.265850448292297,
                0.6558011291565359,
                0.0709483342982474
            ],
            [
                0.0044447385984438,
                0.1244102110382414,
                0.8642932485286785,
                0.0068518018346361
            ],
            [
                0.0025993505863629,
                0.1520081046290552,
                0.8437871403012753,
                0.0016054044833064
            ],
            [
                0.007645404057479,
                0.360154422368157,
                0.6316122582863704,
                0.0005879152879936
            ]
        ],
        "final_answer": 2,
        "judge": "18",
        "text_id": "65c7b5cbf174b289770375c0"
    },
    {
        "known_questions": [
            "Q3",
            "Q1",
            "Q6",
            "Q0"
        ],
        "llm_answers": [
            [
                0.0072342291905966,
                0.2947955942848774,
                0.6973902930980956,
                0.0005798834264302
            ],
            [
                0.028380760383275,
                0.2646544900889878,
                0.6388367307523974,
                0.0681280187753397
            ],
            [
                0.027099419401481,
                0.7025252427879426,
                0.2702979592627481,
                7.737854782829896e-05
            ],
            [
                0.0218282533635258,
                0.267101371939267,
                0.359323413616321,
                0.3517469610808861
            ]
        ],
        "final_answer": 3,
        "judge": "18",
        "text_id": "65c9f2fff174b28977037b2e"
    },
    {
        "known_questions": [
            "Q8",
            "Q5",
            "Q3",
            "Q4",
            "Q1",
            "Q6",
            "Q0"
        ],
        "llm_answers": [
            [
                0.2664328082171427,
                0.356161501917236,
                0.3774054391722301,
                0.0
            ],
            [
                0.0397988905883744,
                0.2741342739426484,
                0.5747013630315322,
                0.1113654724374449
            ],
            [
                0.0048079967318289,
                0.3793053363340372,
                0.6143219980632636,
                0.0015646688708702
            ],
            [
                0.0065489207792377,
                0.1744712321902247,
                0.8184483319619037,
                0.0005315150686336
            ],
            [
                0.0037492070046411,
                0.1936757080138334,
                0.7276930991359462,
                0.0748819858455793
            ],
            [
                0.0208371477117891,
                0.5611372575610856,
                0.4179700760149376,
                5.551871218771518e-05
            ],
            [
                0.0046292723440255,
                0.1210039747982401,
                0.3314249187824992,
                0.5429418340752351
            ]
        ],
        "final_answer": 1,
        "judge": "18",
        "text_id": "65c9ebedf174b28977037aad"
    },
    {
        "known_questions": [
            "Q4",
            "Q7",
            "Q6",
            "Q5",
            "Q8",
            "Q3",
